{"transition_matrix": [[0.26785714285714285, 0.10714285714285714, 0.17857142857142858, 0.14285714285714285, 0.10714285714285714, 0.017857142857142856, 0.10714285714285714, 0.07142857142857142], [0.05084745762711865, 0.3389830508474576, 0.06779661016949153, 0.01694915254237288, 0.06779661016949153, 0.03389830508474576, 0.2542372881355932, 0.1694915254237288], [0.09090909090909091, 0.1590909090909091, 0.23863636363636365, 0.011363636363636364, 0.1590909090909091, 0.11363636363636363, 0.10227272727272728, 0.125], [0.015625, 0.140625, 0.09375, 0.265625, 0.078125, 0.203125, 0.109375, 0.09375], [0.109375, 0.09375, 0.015625, 0.234375, 0.390625, 0.046875, 0.078125, 0.03125], [0.043478260869565216, 0.10144927536231885, 0.15942028985507245, 0.13043478260869565, 0.10144927536231885, 0.2318840579710145, 0.13043478260869565, 0.10144927536231885], [0.12727272727272726, 0.05454545454545454, 0.16363636363636364, 0.01818181818181818, 0.03636363636363636, 0.21818181818181817, 0.2727272727272727, 0.10909090909090909], [0.0273972602739726, 0.1643835616438356, 0.2054794520547945, 0.0684931506849315, 0.0547945205479452, 0.1643835616438356, 0.0547945205479452, 0.2602739726027397]], "reference_matrix": [[0.00011862615568947183, 4.040362091479403e-06, 0.00010784634927941077, 0.0002434721254836492, 1.882198235694923e-05, 0.0001501787660394465, 3.951439863121517e-05, 0.0001151812179998703, 4.040362091479403e-06, 1.3761320794207135e-07, 3.6732059536145827e-06, 8.29256870391323e-06, 6.410696153770841e-07, 5.115032091567525e-06, 1.3458455040479463e-06, 3.923028813943124e-06, 0.00010784634927941077, 3.6732059536145827e-06, 9.804612638162824e-05, 0.00022134730517142217, 1.711158952762563e-05, 0.00013653170805802726, 3.592364273780569e-05, 0.00010471446026927449, 0.0002434721254836492, 8.29256870391323e-06, 0.00022134730517142217, 0.000499709996863591, 3.8630840084358273e-05, 0.00030823171464689744, 8.110061871291001e-05, 0.00023640162491342416, 1.882198235694923e-05, 6.410696153770841e-07, 1.711158952762563e-05, 3.8630840084358273e-05, 2.9864157511154137e-06, 2.3828320730398047e-05, 6.26960647556581e-06, 1.827538657427713e-05, 0.0001501787660394465, 5.115032091567525e-06, 0.00013653170805802726, 0.00030823171464689744, 2.3828320730398047e-05, 0.00019012385285560143, 5.002458009986203e-05, 0.000145817531467693, 3.951439863121517e-05, 1.3458455040479463e-06, 3.592364273780569e-05, 8.110061871291001e-05, 6.26960647556581e-06, 5.002458009986203e-05, 1.3162254901641e-05, 3.836688912679402e-05, 0.0001151812179998703, 3.923028813943124e-06, 0.00010471446026927449, 0.00023640162491342416, 1.827538657427713e-05, 0.000145817531467693, 3.836688912679402e-05, 0.00011183632229187277], [0.004881743733667055, 0.00013794843781729984, 0.005110365890448289, 7.377503860203839e-05, 0.0001785185103824932, 0.004936035259514442, 9.325067196451285e-06, 0.00014254609435937327, 0.00016627034912483483, 4.6984717282319235e-06, 0.00017405713349934646, 2.512749970970864e-06, 6.080273088043869e-06, 0.00016811949800475445, 3.176082692898369e-07, 4.8550661748298795e-06, 0.004438129489518283, 0.00012541277529331553, 0.004645976273643899, 6.707094683237365e-05, 0.0001622961606709064, 0.004487487431073572, 8.477678873409833e-06, 0.0001295926331873974, 0.010019447363815144, 0.00028312979685902307, 0.010488678808774828, 0.00015141825469836676, 0.00036639711460242496, 0.010130877032230059, 1.9139066906467638e-05, 0.0002925661745620373, 0.0007745685923326566, 2.1887778860192496e-05, 0.0008108432416824036, 1.1705618098134606e-05, 2.832488529430069e-05, 0.0007831828320481064, 1.4795746286208725e-06, 2.261727236704394e-05, 0.006180207440609027, 0.00017464045806813623, 0.006469639338617755, 9.339798796792642e-05, 0.00022600150404117266, 0.006248939621221055, 1.1805382014265712e-05, 0.00018046101578703613, 0.0016261099146844952, 4.595065507083578e-05, 0.0017022640055464624, 2.4574481634432297e-05, 5.946455519278547e-05, 0.0016441944339219419, 3.106181940414567e-06, 4.748213547932572e-05, 0.0047399764911787426, 0.0001339423754957452, 0.004961959394753161, 7.163259025618404e-05, 0.00017333428148176054, 0.004792691375496017, 9.054264562273258e-06, 0.0001384065147691052], [0.0002299268860085157, 0.00021532672522667695, 0.00010325676886445538, 0.00012490367505109713, 0.00015303938364576037, 5.429625355232253e-05, 0.005063195244992437, 0.0001580120311702982, 7.831222959568277e-06, 7.3339469936601875e-06, 3.5168865768582152e-06, 4.254172031705679e-06, 5.212463647598257e-06, 1.8493099037654114e-06, 0.0001724505191180346, 5.381830145531687e-06, 0.00020903294988427567, 0.0001957595361918055, 9.387361072013362e-05, 0.00011355341735177005, 0.00013913237537066395, 4.936223964380663e-05, 0.004603092123213501, 0.00014365314803380693, 0.0004719093130596862, 0.00044194347494163635, 0.00021192750317065238, 0.00025635630749946514, 0.00031410293794295, 0.00011143937170810939, 0.010391864263594458, 0.0003243089591618244, 3.64816660093845e-05, 3.416511139251109e-05, 1.6383377430605303e-05, 1.9818013611466272e-05, 2.428220456236645e-05, 8.614989843264025e-06, 0.0008033588462607052, 2.5071196529864608e-05, 0.00029108366379536934, 0.0002726000998844412, 0.0001307213745835018, 0.00015812600251556954, 0.00019374534779261605, 6.873816580887817e-05, 0.006409922075703258, 0.0002000406379404235, 7.658869645542089e-05, 7.172537967793375e-05, 3.43948524890405e-05, 4.160544171550563e-05, 5.09774524556286e-05, 1.80860940370035e-05, 0.0016865514531384297, 5.2633842443107166e-05, 0.00022324974308957218, 0.00020907357517725928, 0.00010025816258997755, 0.00012127643639321105, 0.00014859507591572863, 5.271947472829835e-05, 0.004916158598412195, 0.00015342331632553857], [0.00020260429292412273, 0.00020990988813474116, 3.603366209700851e-05, 0.005020807625074184, 0.00014006938443524703, 0.00020038143255928003, 0.00014555451695423096, 3.4356480206291e-05, 6.900625751073421e-06, 7.14945156670504e-06, 1.2272929313754416e-06, 0.0001710068127813473, 4.770710369561896e-06, 6.824915965987976e-06, 4.9575319129865775e-06, 1.1701687491713968e-06, 0.00018419321787178347, 0.0001908349383945389, 3.2759207998806786e-05, 0.004564556354805112, 0.00012734098706442681, 0.000182172353468711, 0.00013232767414071293, 3.1234435127763844e-05, 0.00041583154696065035, 0.00043082578481244905, 7.395664344618813e-05, 0.010304866553387061, 0.00028748289570225557, 0.000411269277075598, 0.00029874075755569355, 7.051434155768549e-05, 3.2146489150692885e-05, 3.330564147559181e-05, 5.71733061991452e-06, 0.0007966333561728119, 2.2224301776163347e-05, 3.179379594972166e-05, 2.309460788106738e-05, 5.451218245514433e-06, 0.0002564937094083014, 0.00026574247303498734, 4.561802477842065e-05, 0.006356260044613455, 0.00017732554167442487, 0.00025367960467119835, 0.00018426962941355877, 4.3494740033098536e-05, 6.748753467115678e-05, 6.992103004755877e-05, 1.2002820794184015e-05, 0.0016724321275921922, 4.6657142857192754e-05, 6.674709939322491e-05, 4.8484241709384663e-05, 1.1444151136369683e-05, 0.00019672060596897576, 0.00020381404459288065, 3.4987234182937896e-05, 0.004875001927171155, 0.0001360017292137174, 0.00019456229810863818, 0.00014132757190629433, 3.3358758136846875e-05], [1.23046828850788e-05, 0.0001791440908205022, 7.661011324963095e-05, 9.633138638845153e-05, 0.00020087091975074946, 0.005076371920298651, 0.005189761787866519, 0.00014879245747639183, 4.1909285509249685e-07, 6.101580121658944e-06, 2.609311543467847e-06, 3.281010663469537e-06, 6.841587714989561e-06, 0.00017289931170588787, 0.0001767613278001997, 5.0678149451236875e-06, 1.1186530664201315e-05, 0.0001628648933085592, 6.96483923282712e-05, 8.757755220707074e-05, 0.00018261735993724395, 0.004615071406527168, 0.0047181573001177975, 0.00013527137624813875, 2.525452568213251e-05, 0.00036768107595157084, 0.00015723705280694806, 0.00019771362612625346, 0.00041227391628194686, 0.010418908494480687, 0.010651633494330853, 0.0003053864105024502, 1.9523394551962444e-06, 2.8424143876007412e-05, 1.2155449121381337e-05, 1.5284552082849063e-05, 3.1871461109047125e-05, 0.000805449541594254, 0.0008234407010853023, 2.3608360173104037e-05, 1.55775265703214e-05, 0.00022679347860776435, 9.698714593844774e-05, 0.00012195395403823859, 0.00025429928742142947, 0.006426603530366341, 0.006570153241589344, 0.00018836880896886825, 4.098692583652916e-06, 5.9672936174700506e-05, 2.5518845625013564e-05, 3.2088006058420355e-05, 6.691014768469301e-05, 0.0016909406065899399, 0.0017287107964926297, 4.9562800411664056e-05, 1.1947351354076782e-05, 0.0001739416948838722, 7.438533352036828e-05, 9.353389521348803e-05, 0.00019503757045124338, 0.004928952619276628, 0.00503904961246841, 0.00014447148170414616], [0.004943693656120437, 0.0001888490856370107, 0.00014740827893672682, 3.7096686347462356e-05, 9.4535105238315e-05, 0.0001705567172431277, 6.0933485451005214e-05, 0.00020376126376059188, 0.00016838034010276, 6.432128582297505e-06, 5.020670346472598e-06, 1.2634991361444815e-06, 3.2198300054395406e-06, 5.8090974186181415e-06, 2.0753715172429134e-06, 6.9400317411052806e-06, 0.004494449893192402, 0.00017168797498605927, 0.00013401298090196784, 3.372563301646505e-05, 8.594450287494239e-05, 0.0001550578722950602, 5.539633242404925e-05, 0.00018524505235306406, 0.010146595370977706, 0.000387599918487179, 0.0003025454780863034, 7.613842850189007e-05, 0.00019402688109900338, 0.0003500560750817917, 0.00012506183926855454, 0.0004182061510017281, 0.0007843979620922587, 2.996400024367708e-05, 2.3388737578904478e-05, 5.885996826542905e-06, 1.499954266043725e-05, 2.7061616421362603e-05, 9.668095382846754e-06, 3.233006152176872e-05, 0.0062586350256236024, 0.00023907984275310288, 0.00018661646165678533, 4.696379603160925e-05, 0.00011967989158532069, 0.00021592200460715907, 7.71407924527953e-05, 0.00025795841549739867, 0.0016467454475209782, 6.290567208917496e-05, 4.910173023472709e-05, 1.2356914406532359e-05, 3.148966441101812e-05, 5.6812480141548825e-05, 2.0296957446746794e-05, 6.787292191203311e-05, 0.004800127370061277, 0.0001833648538588122, 0.0001431275001074969, 3.601938790332976e-05, 9.178977858473602e-05, 0.00016560370110574557, 5.916395950313212e-05, 0.00019784397803949692], [0.00012353275593745994, 0.00021043361642537743, 0.005023583313516706, 5.716539442919634e-05, 0.004918430049757546, 0.00013322463941912153, 9.542718357134448e-05, 0.00018635763460780655, 4.207479044100788e-06, 7.167289554621139e-06, 0.00017110135168211285, 1.9470317591746034e-06, 0.0001675198712049068, 4.537580937622879e-06, 3.2502138567786796e-06, 6.3472707005540834e-06, 0.00011230707651990358, 0.00019131107440207608, 0.004567079810644369, 5.1970655699614375e-05, 0.004471482043479713, 0.00012111823831692533, 8.67555161875573e-05, 0.00016942292731300258, 0.0002535425891544389, 0.0004319007015486107, 0.010310563465344239, 0.0001173280884379434, 0.010094743535243799, 0.00027343452156601447, 0.00019585781127269252, 0.0003824863845106868, 1.960049484235746e-05, 3.338873954607127e-05, 0.0007970737646020483, 9.070226031693533e-06, 0.0007803894771972411, 2.1138270882027543e-05, 1.5141085497661534e-05, 2.956869073505878e-05, 0.00015639044141920502, 0.0002664055044547494, 0.0063597740206230895, 7.23704510665255e-05, 0.0062266517146308984, 0.0001686602068298295, 0.0001208092481128608, 0.00023592570664341525, 4.1148788256303796e-05, 7.009548405671355e-05, 0.0016733567100247631, 1.9041805496073968e-05, 0.0016383301346678954, 4.437715678224815e-05, 3.178681590055868e-05, 6.207576920168839e-05, 0.00011994532916504307, 0.00020432256366328182, 0.00487769700882275, 5.550529492866475e-05, 0.004775597426095426, 0.00012935575756207223, 9.265595070632614e-05, 0.00018094575528427892], [0.00017000599303754928, 0.004818937609091356, 0.00020285780701707553, 0.005116746612865331, 0.0002193085452288671, 3.05695992690692e-05, 5.7239971992933574e-05, 0.00010823862401745838, 5.790339960027779e-06, 0.00016413119622576717, 6.9092603453993435e-06, 0.00017427445849668978, 7.469566280135736e-06, 1.0411890136757207e-06, 1.949571842848794e-06, 3.6865666831420694e-06, 0.00015455719354772802, 0.004381030688596101, 0.00018442369460987664, 0.004651777166494582, 0.0001993795198979963, 2.779167596675522e-05, 5.203845624444757e-05, 9.840275429532138e-05, 0.0003489257510642245, 0.00989054205996407, 0.00041635186741352634, 0.01050177480805061, 0.00045011588998443945, 6.274202570221406e-05, 0.00011748115382096085, 0.00022215242242141554, 2.6974235006861772e-05, 0.0007646033720842097, 3.2186713313374906e-05, 0.0008118556477918329, 3.479689234667061e-05, 4.850367566555931e-06, 9.08205898354743e-06, 1.7173830339154045e-05, 0.0002152247968021761, 0.006100695917760822, 0.00025681465408894106, 0.006477717228468117, 0.0002776410186518457, 3.870061092232313e-05, 7.246486503814237e-05, 0.00013702832143781723, 5.662903378717104e-05, 0.0016051891807321755, 6.75719802714491e-05, 0.0017043894255912803, 7.305172479912401e-05, 1.0182740260727422e-05, 1.9066647299007987e-05, 3.605430953959218e-05, 0.0001650689700895388, 0.004678994274529851, 0.000196966757939734, 0.004968154819155497, 0.0002129397619810285, 2.968184931151597e-05, 5.5577706738495316e-05, 0.00010509534323607297], [6.471665756470184e-05, 0.00022515252246788515, 5.0892784355594214e-05, 0.0001159905221182174, 0.004865560168752626, 7.265293622949018e-05, 9.426192112446187e-05, 0.004918529787376191, 2.2042249316090878e-06, 7.668609939291358e-06, 1.7333890274455577e-06, 3.9505934067704204e-06, 0.0001657191430117714, 2.474531587660266e-06, 3.2105254576255164e-06, 0.00016752326823055538, 5.8835719790068926e-05, 0.00020469244272548705, 4.626805079802703e-05, 0.00010545022123289367, 0.004423416558932248, 6.605081224490654e-05, 8.569614357181102e-05, 0.00447157271773274, 0.00013282654301570578, 0.00046211025624702306, 0.00010445398240227423, 0.0002380626666348843, 0.009986231696286197, 0.00014911521581063852, 0.0001934661892645457, 0.010094948239930224, 1.0268357596213073e-05, 3.5724135043257235e-05, 8.07497371612145e-06, 1.840379592673739e-05, 0.0007720008047185213, 1.1527578179905445e-05, 1.4956197526800765e-05, 0.0007804053022038558, 8.193022625386239e-05, 0.0002850393979166661, 6.442942966846147e-05, 0.0001468420971980549, 0.006159719313055351, 9.197742478184165e-05, 0.000119334044981074, 0.006226777980819065, 2.1557132912454585e-05, 7.499835490672685e-05, 1.6952397696707105e-05, 3.86364685071624e-05, 0.0016207191656411153, 2.4200709086580633e-05, 3.139866672242434e-05, 0.00163836335729067, 6.283726721024004e-05, 0.0002186140284397312, 4.9414843256210605e-05, 0.00011262212398578877, 0.00472426290164539, 7.054307405936004e-05, 9.152452781614341e-05, 0.004775694267304931], [0.00014440869603285787, 0.004701821172154922, 3.2708542102350686e-05, 5.274443507623823e-06, 0.00010240946031869645, 6.72959857422992e-05, 0.000136349932086651, 0.004875787918892979, 4.918505684854743e-06, 0.00016014225458522557, 1.114040599307936e-06, 1.7964555521497261e-07, 3.488027567576717e-06, 2.292075875860617e-06, 4.644027226346246e-06, 0.0001660674963214443, 0.00013128597635846722, 0.004274556866774969, 2.9736248599544668e-05, 4.795143815220199e-06, 9.31032988707591e-05, 6.118065903159303e-05, 0.00012395952911543241, 0.0044327148920660165, 0.0002963890379578621, 0.009650168529655728, 6.71320605548168e-05, 1.082543697113653e-05, 0.00021018845994382463, 0.00013812043886919192, 0.00027984897244406307, 0.010007223458609727, 2.291280462662523e-05, 0.0007460209313323009, 5.189745876816053e-06, 8.368768427689323e-07, 1.6248938053332434e-05, 1.0677610253600067e-05, 2.1634149747077565e-05, 0.0007736236047795544, 0.0001828190389339647, 0.005952428430883042, 4.140847744184518e-05, 6.677358908883667e-06, 0.00012964869587181991, 8.51956133910494e-05, 0.00017261677605011453, 0.006172667476860462, 4.8102568507686695e-05, 0.0015661776697506683, 1.0895222590382537e-05, 1.75691829602609e-06, 3.4112613825516784e-05, 2.2416307697458204e-05, 4.541819245929769e-05, 0.0016241260314692914, 0.00014021502595412707, 0.004565278932616088, 3.17586766295517e-05, 5.121272150721291e-06, 9.94354601281555e-05, 6.534169095549521e-05, 0.00013239029083139957, 0.004734193634979175], [0.004881743733667055, 0.00016627034912483483, 0.004438129489518283, 0.010019447363815144, 0.0007745685923326566, 0.006180207440609027, 0.0016261099146844952, 0.0047399764911787426, 0.00013794843781729984, 4.6984717282319235e-06, 0.00012541277529331553, 0.00028312979685902307, 2.1887778860192496e-05, 0.00017464045806813623, 4.595065507083578e-05, 0.0001339423754957452, 0.005110365890448289, 0.00017405713349934646, 0.004645976273643899, 0.010488678808774828, 0.0008108432416824036, 0.006469639338617755, 0.0017022640055464624, 0.004961959394753161, 7.377503860203839e-05, 2.512749970970864e-06, 6.707094683237365e-05, 0.00015141825469836676, 1.1705618098134606e-05, 9.339798796792642e-05, 2.4574481634432297e-05, 7.163259025618404e-05, 0.0001785185103824932, 6.080273088043869e-06, 0.0001622961606709064, 0.00036639711460242496, 2.832488529430069e-05, 0.00022600150404117266, 5.946455519278547e-05, 0.00017333428148176054, 0.004936035259514442, 0.00016811949800475445, 0.004487487431073572, 0.010130877032230059, 0.0007831828320481064, 0.006248939621221055, 0.0016441944339219419, 0.004792691375496017, 9.325067196451285e-06, 3.176082692898369e-07, 8.477678873409833e-06, 1.9139066906467638e-05, 1.4795746286208725e-06, 1.1805382014265712e-05, 3.106181940414567e-06, 9.054264562273258e-06, 0.00014254609435937327, 4.8550661748298795e-06, 0.0001295926331873974, 0.0002925661745620373, 2.261727236704394e-05, 0.00018046101578703613, 4.748213547932572e-05, 0.0001384065147691052], [0.20089517141212235, 0.00567690083160581, 0.2103035078347052, 0.0030360153737032016, 0.007346454197543029, 0.20312939467052832, 0.000383748323358509, 0.005866105150698587, 0.00567690083160581, 0.00016041800718930612, 0.0059427618400410024, 8.579179916866697e-05, 0.00020759628840372147, 0.005740035568914247, 1.0843969821117366e-05, 0.000165764547620573, 0.2103035078347052, 0.0059427618400410024, 0.220152456112806, 0.0031781982535561797, 0.007690503843523769, 0.21264236438972298, 0.00040172005111274365, 0.006140826988760087, 0.0030360153737032016, 8.579179916866697e-05, 0.0031781982535561797, 4.5881587320251525e-05, 0.00011102281716961763, 0.003069779929183187, 5.7993718871381435e-06, 8.865113728764207e-05, 0.007346454197543029, 0.00020759628840372147, 0.007690503843523769, 0.00011102281716961763, 0.0002686495095787102, 0.007428156603427606, 1.403313708896392e-05, 0.00021451522455545683, 0.20312939467052832, 0.005740035568914247, 0.21264236438972298, 0.003069779929183187, 0.007428156603427606, 0.20538846548267745, 0.00038801611846475887, 0.005931344093336285, 0.000383748323358509, 1.0843969821117366e-05, 0.00040172005111274365, 5.7993718871381435e-06, 1.403313708896392e-05, 0.00038801611846475887, 7.330329277967939e-07, 1.1205386373410173e-05, 0.005866105150698587, 0.000165764547620573, 0.006140826988760087, 8.865113728764207e-05, 0.00021451522455545683, 0.005931344093336285, 1.1205386373410173e-05, 0.0001712892818536706], [0.009462029081612299, 0.008861198320529156, 0.0042492575219437835, 0.0051400783364237024, 0.006297928545140105, 0.002234417814520583, 0.20836232545777703, 0.006502564620140235, 0.000267378256951187, 0.0002503999661178543, 0.00012007562645965271, 0.0001452484635516828, 0.0001779670240155033, 6.314023508004198e-05, 0.005887907859368289, 0.00018374963539525437, 0.009905155475414212, 0.009276186566989985, 0.0044482590411521515, 0.005380798837009044, 0.006592873565976432, 0.002339060222597662, 0.21812036414989153, 0.006807093171652112, 0.0001429943067136769, 0.00013391429043045755, 6.421663135437032e-05, 7.767910369238214e-05, 9.517704059847716e-05, 3.376749569677043e-05, 0.003148862259574395, 9.826959013736162e-05, 0.00034601311109307424, 0.0003240415742176694, 0.00015538937814730134, 0.00018796544389240266, 0.0002303063994572382, 8.17095205283722e-05, 0.007619517531005956, 0.00023778965324370882, 0.009567259512474592, 0.008959746708954382, 0.004296514954363637, 0.005197242888904198, 0.006367969942035929, 0.0022592675319881945, 0.21067959346596785, 0.00657488184415057, 1.80742910350461e-05, 1.692658899936661e-05, 8.116897176285561e-06, 9.81853585464009e-06, 1.2030251911188417e-05, 4.268166745758418e-06, 0.0003980120203161691, 1.2421146078171003e-05, 0.0002762896546569583, 0.0002587454976843766, 0.00012407760356262615, 0.0001500894212257302, 0.00018389845220116998, 6.524462364345784e-05, 0.006084144790478757, 0.00018987379110622723], [0.008337640477749719, 0.008638282806019233, 0.0014828694660191139, 0.20661797576762386, 0.005764182745121658, 0.00824616457520683, 0.005989908776174856, 0.0014138495088465766, 0.000235605255363104, 0.00024410081387440293, 4.190296285189266e-05, 0.005838615981733621, 0.00016288442170758142, 0.000233020326996895, 0.0001692629935985515, 3.995259515755726e-05, 0.008728109427470232, 0.009042831457841821, 0.0015523153103817115, 0.21629432295561593, 0.006034131346106694, 0.008632349519196227, 0.00627042859410132, 0.0014800630058491703, 0.00012600205616156892, 0.0001305454940361394, 2.2409769554856646e-05, 0.003122500886928184, 8.711084148022527e-05, 0.00012461963246023535, 9.052211162527348e-05, 2.1366709885501573e-05, 0.00030489579941030397, 0.0003158898670075972, 5.422645321174283e-05, 0.007555729113329555, 0.00021078806536586002, 0.0003015506541612346, 0.00021904254921765773, 5.1702490338368223e-05, 0.008430366202040032, 0.008734352075490646, 0.0014993609597014753, 0.2089158442719782, 0.005828288174158744, 0.008337872964995729, 0.006056524580872352, 0.0014295734082033747, 1.5926493064080816e-05, 1.6500777595625623e-05, 2.8325651997727666e-06, 0.0003946799777178231, 1.1010695022802367e-05, 1.5751756538649214e-05, 1.1441875052397685e-05, 2.7007238386436706e-06, 0.00024345769690435365, 0.00025223640222605555, 4.3299538516949613e-05, 0.006033210073481325, 0.00016831316478662622, 0.00024078661596547518, 0.00017490432685438717, 4.128416739864515e-05], [0.0005063664772736523, 0.007372198295591266, 0.003152685325746431, 0.003964261836894538, 0.008266308117883214, 0.2089045764624801, 0.21357083469401023, 0.006123157601125594, 1.4308916713757529e-05, 0.00020832376577707836, 8.908866162246337e-05, 0.00011202221118795793, 0.00023358954373499402, 0.005903230801965167, 0.006035090045016453, 0.00017302834226201721, 0.0005300806668075338, 0.007717453590934463, 0.0033003321007817254, 0.004149916418667425, 0.008653436425642431, 0.218688009890774, 0.22357279864729532, 0.006409917737145512, 7.652430861949408e-06, 0.00011141187319773006, 4.764475447634917e-05, 5.990965237042261e-05, 0.00012492405045503568, 0.0031570569930521215, 0.003227575520844571, 9.253582593326166e-05, 1.851711072154534e-05, 0.0002695909350785817, 0.00011528927341587963, 0.00014496748631189936, 0.0003022872752189141, 0.007639346888484392, 0.007809985396771485, 0.00022391527155586104, 0.000511997950408868, 0.007454187010311549, 0.003187747407287296, 0.004008349735753149, 0.008358240530834232, 0.21122787502779222, 0.2159460282979006, 0.006191255311145989, 9.672571286449209e-07, 1.4082313255782391e-05, 6.022233881123357e-06, 7.572500735428854e-06, 1.579023457012318e-05, 0.00039904782377740504, 0.00040796127231935183, 1.169640587464149e-05, 1.4785815804315705e-05, 0.00021526694788011078, 9.205788022626925e-05, 0.00011575577758620863, 0.00024137480401706775, 0.0060999784284368076, 0.006236232382447058, 0.00017879517008806832], [0.20344455560130248, 0.007771581529039219, 0.00606619541708606, 0.0015266153999847524, 0.0038903406666634314, 0.007018807789877301, 0.0025075554294248896, 0.008385252533439644, 0.005748941394462095, 0.00021960954728269248, 0.00017141870342564743, 4.3139136559619313e-05, 0.00010993334489113004, 0.0001983376479342871, 7.085856470585558e-05, 0.00023695067803623595, 0.21297228495878576, 0.00813554076731646, 0.006350287896202918, 0.0015981099569220513, 0.004072533367130777, 0.0073475130768607495, 0.0026249894369845157, 0.008777951254212157, 0.003074542778505524, 0.00011744752665930508, 9.167498858586239e-05, 2.3070877171944297e-05, 5.879252343354349e-05, 0.00010607128187974677, 3.7895270357341795e-05, 0.0001267215902948791, 0.007439681595922511, 0.00028419581886532553, 0.0002218322445069929, 5.582618056182444e-05, 0.0001422642929622814, 0.00025666794073369345, 9.169777939699501e-05, 0.00030663690540064833, 0.20570713142492963, 0.007858011919997486, 0.006133659631360707, 0.0015435934070185285, 0.003933606463145674, 0.007096866329065658, 0.0025354428028385107, 0.00847850776753079, 0.0003886181363127866, 1.4845211861736163e-05, 1.1587597173733655e-05, 2.916128327224086e-06, 7.4312971169571434e-06, 1.3407269584472098e-05, 4.789911997418284e-06, 1.601744122582224e-05, 0.0059405467394044705, 0.00022692887099336252, 0.00017713188391329073, 4.4576912416750906e-05, 0.00011359729187253857, 0.00020494800466607006, 7.32201959699463e-05, 0.0002448479609069914], [0.005083661808774591, 0.008659835450004852, 0.20673220183844393, 0.0023524896715682933, 0.20240489911631346, 0.005482505480130553, 0.003927051776341525, 0.007669052492513802, 0.00014365424388738566, 0.00024470984903291485, 0.005841843784930041, 6.647671260088965e-05, 0.005719562755230837, 0.00015492477843376623, 0.00011097072835632648, 0.00021671227917702528, 0.00532174020667431, 0.009065393456726254, 0.21641389846960554, 0.0024626616289388443, 0.21188393921010792, 0.0057392625521554795, 0.0041109637340108725, 0.008028210083932466, 7.682651254213354e-05, 0.0001308712069839636, 0.0031242271210862762, 3.555184905219858e-05, 0.0030588310366572256, 8.285401190625145e-05, 5.9347317720459194e-05, 0.00011589806318064548, 0.0001859023707311848, 0.00031667801692062563, 0.0075599062002726924, 8.602724247122774e-05, 0.007401662818793806, 0.00020048752349021058, 0.00014360676667080985, 0.00028044647603414814, 0.00514019893393891, 0.008756144413731404, 0.20903134068962817, 0.0023786525061572613, 0.20465591256796725, 0.0055434782808800424, 0.003970725849511097, 0.007754342623323172, 9.71076946213361e-06, 1.6541947280965928e-05, 0.00039489817142976207, 4.493706647287132e-06, 0.00038663219294650787, 1.0472637400965348e-05, 7.501422380240344e-06, 1.4649361729621847e-05, 0.00014844206812559985, 0.00025286573579841825, 0.006036545455500075, 6.869230197196905e-05, 0.005910188945244052, 0.00016008823611669154, 0.00011466925008864098, 0.00022393504040485083], [0.006996144200857364, 0.19831055250323748, 0.008348073175559707, 0.21056608948454975, 0.009025059525769302, 0.001258010502027388, 0.0023555587127281484, 0.004454272512388827, 0.00019769721966291507, 0.005603864605149511, 0.0002359000628015163, 0.005950181878939344, 0.00025503036019729897, 3.5548892563861714e-05, 6.656343764355817e-05, 0.00012586894524162367, 0.007323788105088087, 0.2075978458761142, 0.008739030710098367, 0.2204273350044547, 0.009447721731413283, 0.0013169257359925475, 0.002465874399644431, 0.004662875307666806, 0.00010572877984645167, 0.002996955486462602, 0.00012615971963709038, 0.0031821665018728356, 0.00013639063236921953, 1.9011602905079913e-05, 3.559822973959068e-05, 6.731490722857686e-05, 0.0002558391651214347, 0.007251938314962287, 0.00030527730851318154, 0.007700106085579358, 0.000330033748298257, 4.600367678431242e-05, 8.613947299500175e-05, 0.0001628864883392855, 0.007073950690594501, 0.20051603133916804, 0.008440914925416642, 0.21290786629905006, 0.00912543027016916, 0.0012720012629958667, 0.0023817556791635524, 0.0045038099859702205, 1.3363977780958087e-05, 0.00037881120532907384, 1.5946421518630255e-05, 0.0004022216324457556, 1.7239595341591796e-05, 2.403041434629901e-06, 4.4995691047625124e-06, 8.508515144470828e-06, 0.00020428623168591996, 0.005790634714115025, 0.00024376232992230358, 0.0061484943286857045, 0.0002635302172637587, 3.673369466126689e-05, 6.878191745664687e-05, 0.00013006400673482068], [0.002663241809482315, 0.009265552856270115, 0.002094357097494988, 0.004773281248341353, 0.20022917986792857, 0.002989838236849341, 0.0038790985014917727, 0.20240900355257377, 7.525795436865942e-05, 0.00026182622680931915, 5.9182395798147075e-05, 0.00013488350216545988, 0.005658081225716327, 8.448692446827365e-05, 0.00010961566350355146, 0.005719678738494425, 0.0027879669322524183, 0.009699477862034352, 0.0021924401724825633, 0.00499682388258354, 0.2096063265289142, 0.0031298585458674954, 0.004060764708110063, 0.21188823586560818, 4.02480707756301e-05, 0.00014002507237860992, 3.1650837107354765e-05, 7.21359062595125e-05, 0.003025950619270748, 4.518373830568104e-05, 5.8622626934513915e-05, 0.0030588930646865656, 9.739101160478583e-05, 0.0003388282515454973, 7.658769686645474e-05, 0.00017455218966410047, 0.007322099822368259, 0.00010933418414530943, 0.00014185318277514118, 0.007401812912261862, 0.0026928606238703326, 0.00936859820847025, 0.0021176491522802757, 0.004826366526145664, 0.202455996408754, 0.0030230892407469745, 0.00392223927004664, 0.20466006265105366, 5.087302855032434e-06, 1.769898374654886e-05, 4.000623902646961e-06, 9.117883038671553e-06, 0.0003824761517246223, 5.711164695692942e-06, 7.409822424433583e-06, 0.0003866400332072874, 7.776621203160149e-05, 0.00027055258198682816, 6.115487430912016e-05, 0.00013937900806578862, 0.0058466583098399656, 8.730277267320714e-05, 0.00011326902254403797, 0.005910308794091179], [0.00594275556556707, 0.193490937226987, 0.0013460330018913928, 0.00021705568550434512, 0.004214388793713485, 0.0027693871961794775, 0.005611118582417417, 0.2006500757055032, 0.00016793053698134847, 0.005467671794852253, 3.803623458988235e-05, 6.133565047298258e-06, 0.00011909030505597625, 7.825741338888692e-05, 0.00015855913072902327, 0.005669974910933107, 0.006221067101105837, 0.20255251804725405, 0.0014090705115969602, 0.00022722085222938267, 0.004411757338253959, 0.002899083326967008, 0.005873898872054601, 0.21004693378917227, 8.980951175879374e-05, 0.0029241193601825238, 2.0341837280254054e-05, 3.280240104870508e-06, 6.368967993874124e-05, 4.185218611396825e-05, 8.479766915325197e-05, 0.003032311380580351, 0.0002173182225473737, 0.00707569175498839, 4.9222535948814616e-05, 7.937421495326968e-06, 0.00015411427774010954, 0.00010127259928143291, 0.00020519072396293908, 0.007337491391866638, 0.006008846963435332, 0.19564281548869228, 0.0013610026909001863, 0.00021946963531465797, 0.004261258439194233, 0.0028001864893717606, 0.005673521733047619, 0.20288157317152494, 1.1351803372802223e-05, 0.00036960481540693863, 2.5711812983369397e-06, 4.1461800600896935e-07, 8.050291215067258e-06, 5.290060909847577e-06, 1.0718313103460319e-05, 0.0003832801435321033, 0.00017352746105082405, 0.005649902760242426, 3.9303936823883876e-05, 6.33798943884731e-06, 0.00012305944257432416, 8.086563943570657e-05, 0.00016384371702979215, 0.005858948397368447], [0.0002299268860085157, 7.831222959568277e-06, 0.00020903294988427567, 0.0004719093130596862, 3.64816660093845e-05, 0.00029108366379536934, 7.658869645542089e-05, 0.00022324974308957218, 0.00021532672522667695, 7.3339469936601875e-06, 0.0001957595361918055, 0.00044194347494163635, 3.416511139251109e-05, 0.0002726000998844412, 7.172537967793375e-05, 0.00020907357517725928, 0.00010325676886445538, 3.5168865768582152e-06, 9.387361072013362e-05, 0.00021192750317065238, 1.6383377430605303e-05, 0.0001307213745835018, 3.43948524890405e-05, 0.00010025816258997755, 0.00012490367505109713, 4.254172031705679e-06, 0.00011355341735177005, 0.00025635630749946514, 1.9818013611466272e-05, 0.00015812600251556954, 4.160544171550563e-05, 0.00012127643639321105, 0.00015303938364576037, 5.212463647598257e-06, 0.00013913237537066395, 0.00031410293794295, 2.428220456236645e-05, 0.00019374534779261605, 5.09774524556286e-05, 0.00014859507591572863, 5.429625355232253e-05, 1.8493099037654114e-06, 4.936223964380663e-05, 0.00011143937170810939, 8.614989843264025e-06, 6.873816580887817e-05, 1.80860940370035e-05, 5.271947472829835e-05, 0.005063195244992437, 0.0001724505191180346, 0.004603092123213501, 0.010391864263594458, 0.0008033588462607052, 0.006409922075703258, 0.0016865514531384297, 0.004916158598412195, 0.0001580120311702982, 5.381830145531687e-06, 0.00014365314803380693, 0.0003243089591618244, 2.5071196529864608e-05, 0.0002000406379404235, 5.2633842443107166e-05, 0.00015342331632553857], [0.009462029081612299, 0.000267378256951187, 0.009905155475414212, 0.0001429943067136769, 0.00034601311109307424, 0.009567259512474592, 1.80742910350461e-05, 0.0002762896546569583, 0.008861198320529156, 0.0002503999661178543, 0.009276186566989985, 0.00013391429043045755, 0.0003240415742176694, 0.008959746708954382, 1.692658899936661e-05, 0.0002587454976843766, 0.0042492575219437835, 0.00012007562645965271, 0.0044482590411521515, 6.421663135437032e-05, 0.00015538937814730134, 0.004296514954363637, 8.116897176285561e-06, 0.00012407760356262615, 0.0051400783364237024, 0.0001452484635516828, 0.005380798837009044, 7.767910369238214e-05, 0.00018796544389240266, 0.005197242888904198, 9.81853585464009e-06, 0.0001500894212257302, 0.006297928545140105, 0.0001779670240155033, 0.006592873565976432, 9.517704059847716e-05, 0.0002303063994572382, 0.006367969942035929, 1.2030251911188417e-05, 0.00018389845220116998, 0.002234417814520583, 6.314023508004198e-05, 0.002339060222597662, 3.376749569677043e-05, 8.17095205283722e-05, 0.0022592675319881945, 4.268166745758418e-06, 6.524462364345784e-05, 0.20836232545777703, 0.005887907859368289, 0.21812036414989153, 0.003148862259574395, 0.007619517531005956, 0.21067959346596785, 0.0003980120203161691, 0.006084144790478757, 0.006502564620140235, 0.00018374963539525437, 0.006807093171652112, 9.826959013736162e-05, 0.00023778965324370882, 0.00657488184415057, 1.2421146078171003e-05, 0.00018987379110622723], [0.0004456552823642156, 0.0004173565527604393, 0.00020013720571417256, 0.00024209427413879436, 0.00029662824959483363, 0.00010523959432601177, 0.00981372707534815, 0.0003062664727496654, 0.0004173565527604393, 0.00039085476830435487, 0.00018742866417481284, 0.00022672149460809595, 0.00027779260922366117, 9.855697001682878e-05, 0.009190563792199697, 0.0002868188134443237, 0.00020013720571417256, 0.00018742866417481284, 8.987866338885178e-05, 0.00010872096318145132, 0.00013321136618162755, 4.7261547596080534e-05, 0.004407199896929589, 0.00013753974985975748, 0.00024209427413879436, 0.00022672149460809595, 0.00010872096318145132, 0.00013151339138148146, 0.00016113799974221645, 5.716953036853038e-05, 0.005331131991297621, 0.00016637379236264312, 0.00029662824959483363, 0.00027779260922366117, 0.00013321136618162755, 0.00016113799974221645, 0.00019743582526591865, 7.004749609919998e-05, 0.006532018803679039, 0.00020385102862322034, 0.00010523959432601177, 9.855697001682878e-05, 4.7261547596080534e-05, 5.716953036853038e-05, 7.004749609919998e-05, 2.4851881380488355e-05, 0.0023174697958404963, 7.232352139268928e-05, 0.00981372707534815, 0.009190563792199697, 0.004407199896929589, 0.005331131991297621, 0.006532018803679039, 0.0023174697958404963, 0.21610702917846672, 0.0067442610798864105, 0.0003062664727496654, 0.0002868188134443237, 0.00013753974985975748, 0.00016637379236264312, 0.00020385102862322034, 7.232352139268928e-05, 0.0067442610798864105, 0.00021047467861912017], [0.00039269732626204517, 0.000406857380151116, 6.984216650446137e-05, 0.009731569364036753, 0.00027148917708023045, 0.0003883888720366724, 0.0002821207231511949, 6.659137238438539e-05, 0.00036776138161652997, 0.00038102228418385284, 6.54072486137397e-05, 0.009113623025350244, 0.00025424984633161304, 0.0003637265105527597, 0.00026420629831205926, 6.236287714238349e-05, 0.0001763545697306049, 0.00018271364081147827, 3.136508552321663e-05, 0.00437030408211392, 0.00012192177997807662, 0.00017441970656677323, 0.0001266962503080959, 2.990520189277341e-05, 0.00021332581014928608, 0.0002210180065703737, 3.794050979151161e-05, 0.005286501281706744, 0.00014748164750364584, 0.00021098531932683154, 0.0001532570450606298, 3.617457393476735e-05, 0.00026137942288426255, 0.00027080435772852386, 4.6486960702505526e-05, 0.006477334613764959, 0.00018070325331729297, 0.00025851171484644485, 0.0001877796126163166, 4.432323145303766e-05, 9.273379884444415e-05, 9.607763518138764e-05, 1.6492929761286435e-05, 0.002298068602695659, 6.411101133650649e-05, 9.17163757535632e-05, 6.662160560037567e-05, 1.5725268593625046e-05, 0.008647545615772795, 0.008959362640587042, 0.0015379868421836575, 0.21429784304772462, 0.0059784339897015005, 0.008552669608334642, 0.0062125501230858825, 0.0014664014542503454, 0.00026987232000138037, 0.000279603495486487, 4.799744293625312e-05, 0.00668780005844616, 0.00018657477190210447, 0.0002669114326724832, 0.0001938810605154834, 4.576340849710257e-05], [2.3849524606482202e-05, 0.0003472256410045701, 0.00014848938392943888, 0.00018671409832381118, 0.00038933761951164106, 0.009839266737351814, 0.010059044399396642, 0.0002883966542644824, 2.23351001741339e-05, 0.00032517710951592997, 0.00013906043493873367, 0.00017485791263327507, 0.00036461501337380217, 0.009214481707490566, 0.00942030367580242, 0.00027008371316263204, 1.0710469282515604e-05, 0.00015593390742348146, 6.668438937871574e-05, 8.385054409706102e-05, 0.00017484577504634175, 0.00441866938195663, 0.0045173682842263385, 0.00012951467828589217, 1.295582836476492e-05, 0.00018862412911484162, 8.066420626500082e-05, 0.00010142909978623453, 0.00021150070945095403, 0.005345005956622851, 0.005464396246988982, 0.00015666633256947773, 1.5874248589985477e-05, 0.00023111345962113964, 9.883456514806345e-05, 0.0001242769430817745, 0.0002591432013651606, 0.006549018008075766, 0.006695302066118464, 0.00019195687368419012, 5.631963523778393e-06, 8.199585429584606e-05, 3.506513474619222e-05, 4.409173803192142e-05, 9.19404184236149e-05, 0.002323500878102621, 0.0023754004356997286, 6.810363996755858e-05, 0.0005251878180892619, 0.007646218521868198, 0.003269868764349491, 0.004111611091758786, 0.008573561874512603, 0.21666943533052882, 0.22150913560542276, 0.006350751727614725, 1.6390044204646373e-05, 0.00023862293689094226, 0.00010204595717026276, 0.00012831502412111775, 0.0002675634378302529, 0.006761812632637194, 0.006912849840109644, 0.00019819405165762716], [0.009582103382894233, 0.0003660363259156604, 0.0002857137732467572, 7.190257092571062e-05, 0.00018323246032546085, 0.0003305811830082569, 0.00011810419449206046, 0.0003949398224475271, 0.008973648006286927, 0.0003427933320094834, 0.00026757119279692684, 6.733681911491952e-05, 0.00017159735567265163, 0.00030958956037917365, 0.00011060467906553582, 0.0003698614812105167, 0.004303181117349545, 0.00016438150821417196, 0.00012830983604257215, 3.22903827200149e-05, 8.228699189006923e-05, 0.00014845912714860836, 5.303884954166565e-05, 0.00017736164164952416, 0.0052053065564447, 0.0001988426977929577, 0.00015520890536443877, 3.905978770099466e-05, 9.953776211476537e-05, 0.0001795823245261597, 6.415799468732658e-05, 0.00021454400615810075, 0.00637785002530664, 0.00024363385545097415, 0.00019017114751499232, 4.7858366318277254e-05, 0.00012195956409841604, 0.00022003490488100726, 7.861017667318175e-05, 0.0002628720288165736, 0.0022627728486825315, 8.643791731490325e-05, 6.747008905701512e-05, 1.6979485478273496e-05, 4.3269564066894866e-05, 7.806533652431702e-05, 2.7889801845514615e-05, 9.326335475498055e-05, 0.21100646874110737, 0.008060446592583493, 0.00629167229307081, 0.0015833587864983569, 0.0040349423155923506, 0.007279692701224117, 0.002600759773451267, 0.008696927383257023, 0.006585082957018028, 0.0002515501529382025, 0.00019635030260174995, 4.9413409086561436e-05, 0.0001259223474686855, 0.0002271844110996229, 8.116442572414628e-05, 0.0002714134245816708], [0.0002394370931744775, 0.00040787249536142244, 0.009736949336070827, 0.00011080070033593944, 0.009533136253287756, 0.00025822236506956595, 0.00018496152919730442, 0.0003612072764243561, 0.0002242330423643691, 0.0003819729404457525, 0.009118661373757508, 0.00010376495054726472, 0.008927790247566519, 0.00024182546554672073, 0.00017321663014867647, 0.00033827092303430345, 0.00010752766245256946, 0.00018316951406084468, 0.004372720148101084, 4.9758958176749065e-05, 