{"num_modes": 3, "num_states": 5, "num_actions": 4, "num_obs": 5, "modes_transition_multiplier": 5, "transition_multiplier": 5, "observation_multiplier": 5, "markov_chain_matrix": [[0.5754716981132076, 0.22641509433962267, 0.19811320754716985], [0.08737864077669905, 0.5048543689320388, 0.4077669902912622], [0.07317073170731708, 0.18292682926829268, 0.7439024390243902]], "mode_state_action_transition_matrix": [[[[0.2768409731430728, 0.19947741384676956, 0.35588540072186853, 0.0013322714450203427, 0.16646394084326868], [0.21654436563148677, 0.10856581610939028, 0.2337089591031437, 0.20646622536320933, 0.23471463379276983], [0.30983541503462464, 0.10191523564657065, 0.28394051707043816, 0.040680399965266484, 0.26362843228309996], [0.09508994526313914, 0.03645219810240943, 0.3581425179087175, 0.3135627875988653, 0.1967525511268685]], [[0.29101710593995556, 0.19269277457173137, 0.1499510325180866, 0.22660242777001643, 0.13973665920021022], [0.20797202560023167, 0.1976651683072853, 0.03424042573418464, 0.31372938852006, 0.24639299183823837], [0.2416990364294502, 0.11712510227023028, 0.009408072648468145, 0.2858033910536554, 0.34596439759819586], [0.15681106785132995, 0.3597327021879562, 0.1471880697940321, 0.10402180986376093, 0.2322463503029207]], [[0.20896882240106338, 0.16234701654092937, 0.26811199713247713, 0.05365779388756066, 0.30691437003796934], [0.09424372675577436, 0.07271658409553625, 0.24765456704044728, 0.27653050086884756, 0.30885462123939456], [0.010121212714812925, 0.1288493946467736, 0.40674782433468365, 0.3217595536996142, 0.13252201460411558], [0.14631260224315112, 0.008338871896758556, 0.30542076795153317, 0.25037896892073974, 0.2895487889878174]], [[0.09179545446077238, 0.2730722488134277, 0.22083934683358336, 0.2924289707746579, 0.12186397911755877], [0.2882782397280921, 0.13194039801788393, 0.2122976200392794, 0.10034326726685106, 0.2671404749478935], [0.0611816565205218, 0.008827407766593019, 0.4532963032902069, 0.4466451522767889, 0.03004948014588944], [0.26434104434628486, 0.2693105513304842, 0.14889024818491586, 0.15729214303362318, 0.16016601310469183]], [[0.2344655160735891, 0.2546372406175331, 0.06792513681293404, 0.2517082055569257, 0.19126390093901807], [0.3426847793704309, 0.14056356495536318, 0.2505359862417962, 0.08196725179365086, 0.18424841763875902], [0.0025848937639617073, 0.07472610941276901, 0.3604976456934217, 0.2429346816298166, 0.31925666950003084], [0.036780987067435655, 0.46637209278906083, 0.20877020899214083, 0.03011584203863123, 0.2579608691127316]]], [[[0.01616046591314981, 0.27722605396465155, 0.26653502038299254, 0.2110796239206772, 0.2289988358185289], [0.015556671388147692, 0.03357350092764077, 0.6307257620787011, 0.10779279077585723, 0.21235127482965335], [0.29951776835371086, 0.23169264695918698, 0.24410227036778462, 0.037350093005624134, 0.18733722131369332], [0.20915452063281892, 0.19290264191873752, 0.18955863187979552, 0.22437704383187498, 0.18400716173677312]], [[0.008719595649985147, 0.11748950777060163, 0.3504381257958237, 0.195576740298127, 0.32777603048546267], [0.13841978301879898, 0.32395388802147984, 0.04508671005906976, 0.2697374611360639, 0.2228021577645875], [0.4030723047448085, 0.1790139141282945, 0.17473638475425363, 0.22167318261500166, 0.021504213757641732], [0.21147652230709257, 0.16023562440884986, 0.27535299775004946, 0.17523324188791983, 0.17770161364608827]], [[0.08856706247005385, 0.1947881821222463, 0.4300807867820796, 0.038787828409071766, 0.24777614021654845], [0.32221687296342505, 0.32308145889649353, 0.07121053301264096, 0.08500240246668285, 0.19848873266075762], [0.2804650815578046, 0.08719852779248159, 0.36442281293490947, 0.25767847447742565, 0.010235103237378841], [0.18925818081504084, 0.24480273654528317, 0.2920035976495554, 0.23950310292587199, 0.03443238206424857]], [[0.19820045753037588, 0.1444978201467651, 0.31909395120168915, 0.25222115996687344, 0.08598661115429654], [0.11473947661018992, 0.18714465263765626, 0.23264029859299798, 0.2113146799735833, 0.2541608921855726], [0.3460810688241313, 0.015414848062739695, 0.3111182682506224, 0.07157211274098835, 0.2558137021215182], [0.1552398808415534, 0.14662447929146644, 0.2768502641833198, 0.2133512303638189, 0.20793414531984145]], [[0.22035101270176538, 0.09877384340458678, 0.26233306058877826, 0.13899665782688098, 0.2795454254779886], [0.08427312337282433, 0.1549542911482903, 0.21686145274878993, 0.3295743182119946, 0.2143368145181009], [0.24451792069234982, 0.20312613158426143, 0.07536295052852207, 0.19344382075930278, 0.28354917643556393], [0.2703339307159974, 0.04396774257740355, 0.22136972841098915, 0.21667317578930345, 0.2476554225063065]]], [[[0.23325234105034992, 0.2690706437884479, 0.03181480067162952, 0.32272980359566794, 0.14313241089390472], [0.2252868337279388, 0.3472939390235348, 0.32694445826085494, 0.027433365257616454, 0.07304140373005498], [0.19638010924324348, 0.1635707355040236, 0.10903375752899279, 0.2799123703946543, 0.25110302732908585], [0.16994752544436625, 0.31015889585950696, 0.18646086033267326, 0.22316642389573862, 0.11026629446771492]], [[0.21293623193796019, 0.18059632029268918, 0.22352629853524852, 0.13386517436018897, 0.24907597487391317], [0.43647820963491596, 0.2600856881445772, 0.06931867372640664, 0.1872526750018079, 0.046864753492292244], [0.34709440536554265, 0.00612116066094915, 0.3546161895979749, 0.25001795073791605, 0.04215029363761723], [0.2537670300923344, 0.27364194996322716, 0.15489585188963878, 0.10738723811890101, 0.21030792993589856]], [[0.27415619297253424, 0.07346646180185035, 0.23079678798002098, 0.412549875464852, 0.009030681780742402], [0.2294295189690826, 0.1951411907286059, 0.2271092899387412, 0.26894882544314025, 0.07937117492043005], [0.1917205830710427, 0.1352684993683399, 0.1596451124903585, 0.24066354444948918, 0.27270226062076974], [0.2426585331736128, 0.392454550043781, 0.062075098752490565, 0.11961657694979716, 0.18319524108031845]], [[0.20105730570995706, 0.13519351022140147, 0.20501919477481445, 0.2138480458957566, 0.24488194339807057], [0.38574358184025503, 0.1418870050282874, 0.3142890463408919, 0.02159909007920363, 0.13648127671136198], [0.2248146826572214, 0.03528233686612247, 0.25131533400956546, 0.33801428363679986, 0.15057336283029082], [0.2342612402870223, 0.3121371301562357, 0.06904516822965974, 0.159350984286784, 0.22520547704029842]], [[0.2468862612271722, 0.2699156065475398, 0.18252526373386163, 0.008428661333492292, 0.29224420715793403], [0.026690605770354536, 0.23372431361670287, 0.20705668663263613, 0.512829358031817, 0.019699035948489645], [0.24569483997148878, 0.10583692249217282, 0.27666509906655995, 0.33596617854905525, 0.035836959920723194], [0.23635717120579777, 0.007687792074109511, 0.16194670262315572, 0.25524666868994333, 0.3387616654069936]]]], "mode_state_action_observation_matrix": [[[[0.11148882073673941, 0.06965866850432977, 0.6840142544447723, 0.11418340179478521, 0.02065485451937344], [0.7996935982085894, 0.003892023715021175, 0.029408087836192094, 0.12365538842736333, 0.04335090181283397], [0.1188115450236571, 0.06613284257271348, 0.6685114081199018, 0.04106647469966209, 0.10547772958406544], [0.014530481101426507, 0.021623421896027544, 0.09057535067722502, 0.12064114324762469, 0.7526296030776962]], [[0.13397178026158008, 0.7884999941538039, 0.015142677376562389, 0.06233729344787208, 4.825476018172566e-05], [0.02324876241140618, 0.7207492377188593, 0.11715271727752413, 0.07903148839333259, 0.05981779419887771], [0.13027387172966443, 0.06181623295571388, 0.06071954014415696, 0.046947446708637854, 0.7002429084618269], [0.09953897292040101, 0.03349712739717031, 0.05647063812865071, 0.7550145816865057, 0.0554786798672723]], [[0.10914485621017687, 0.06297450528005268, 0.10812481009863849, 0.6330928994516815, 0.08666292895945056], [0.0122711493363891, 0.8293136306113927, 0.07274683955407045, 0.0848786901365335, 0.0007896903616143151], [0.013707168154501142, 0.09284950173031499, 0.00861004593673253, 0.8376207299936494, 0.04721255418480192], [0.8245143904779643, 0.03359685087386936, 0.09313834998916262, 0.04107187058858801, 0.0076785380704157795]], [[0.025119765085989638, 0.697726289633484, 0.0923435093456043, 0.07696046982677725, 0.10784996610814465], [0.6937986211994978, 0.10361987892540861, 0.08956141708461704, 0.08642382315119604, 0.02659625963928056], [0.7139372843489844, 0.09735584321205788, 0.10942006973354346, 0.06569987222234629, 0.01358693048306786], [0.09317535269837451, 0.011359749952701942, 0.7503400311263037, 0.0985283432885228, 0.04659652293409701]], [[0.021486675677756976, 0.035518749686107985, 0.85387453216439, 0.013672234873483012, 0.07544780759826204], [0.018385994196003994, 0.06809796424254336, 0.13177225764856051, 0.059391061363710876, 0.7223527225491813], [0.0028155797507416493, 0.11575000879526985, 0.12612792665293043, 0.007788105215035648, 0.7475183795860224], [0.0436256018229816, 0.03881436311145657, 0.12725122436450662, 0.6858996935127771, 0.10440911718827806]]], [[[0.7584699188616375, 0.015298549765652947, 0.11722189789361588, 0.012443901850407708, 0.09656573162868605], [0.11504261921255418, 0.0591418351275485, 0.08481394227870706, 0.016088466877467584, 0.7249131365037227], [0.0009835777917674392, 0.04757119058996137, 0.8469725702338751, 0.060962448056278075, 0.043510213328118066], [0.672752733031413, 0.07046122207555121, 0.11212896051665606, 0.09995612744532625, 0.04470095693105346]], [[0.09814936827271846, 0.08759018607674754, 0.08893542665090097, 0.6159159417045158, 0.10940907729511704], [0.09113264433765508, 0.027337436049909264, 0.04736042949624293, 0.7485574783098183, 0.08561201180637432], [0.06502089610864002, 0.0993212146751775, 0.03418294937490603, 0.7106135401816872, 0.09086139965958932], [0.03449543328914614, 0.10293635128133655, 0.08401366574763278, 0.04251616474218169, 0.7360383849397029]], [[0.7094668773260978, 0.0511681321480724, 0.046671599724786815, 0.09033005452233142, 0.10236333627871155], [0.1198941450477507, 0.6478126897856163, 0.10774820432025624, 0.12317486172919762, 0.0013700991171791818], [0.03892990955126864, 0.08016985604219087, 0.042669295295703076, 0.015547612427282252, 0.8226833266835551], [0.060565866549097125, 0.7010418498758132, 0.10787291398152143, 0.035130059856646086, 0.09538930973692225]], [[0.020044707015463077, 0.10072450750176726, 0.05623191867995529, 0.7786885348559582, 0.04431033194685625], [0.06527493122495143, 0.03686324265341693, 0.7478459444824561, 0.043283748115476355, 0.10673213352369916], [0.08560545470431084, 0.022615169636756575, 0.7321194161445148, 0.02877255908939707, 0.13088740042502076], [0.0394621320308929, 0.7598384160990767, 0.056061503865504084, 0.12001661537548637, 0.024621332629039844]], [[0.08814895137163672, 0.03269441038391235, 0.6904879963809742, 0.05943000837860839, 0.12923863348486828], [0.12751977579898213, 0.10030363834270858, 0.08056194787003013, 0.013220846914028967, 0.6783937910742501], [0.7261459870544732, 0.1043289303299945, 0.08439083662877268, 0.018209526661253014, 0.06692471932550645], [0.08147565487573474, 0.6560317111644739, 0.07836376673288419, 0.09126940668058986, 0.09285946054631708]]], [[[0.06847740992162388, 0.06753584861051763, 0.11286295737438307, 0.11217957264413869, 0.6389442114493366], [0.13635600929745367, 0.045208756527640365, 0.0752266221960002, 0.7232630252350761, 0.019945586743829652], [0.09849846327399384, 0.09796080695781607, 0.6654940300910593, 0.07199433391443007, 0.06605236576270063], [0.07137125750834825, 0.04251412948079148, 0.04619729278731484, 0.1274270145122128, 0.7124903057113326]], [[0.8714004963899258, 0.009254345693647022, 0.009649699365938928, 0.07051708423824637, 0.03917837431224181], [0.09773027086194887, 0.09023624560453078, 0.007694982663266913, 0.03883744312881554, 0.765501057741438], [0.8161532241406767, 0.04253048935890634, 0.08484328012284244, 0.006167608336820189, 0.050305398040754214], [0.8747837898595526, 0.010754033484889507, 0.08619116845413906, 0.0114480257260558, 0.016822982475363027]], [[0.015152368488633933, 0.061151819443557895, 0.060671243371702585, 0.06805166090165905, 0.7949729077944466], [0.06821351143036171, 0.7831940676909994, 0.03476334910922501, 0.08418161373481738, 0.02964745803459636], [0.02559152985079995, 0.7795717187462777, 0.08150168671272667, 0.010441464932647781, 0.1028935997575478], [0.06537880090231399, 0.01823344740752965, 0.11248540132398925, 0.6995319231637747, 0.10437042720239254]], [[0.07437550301844797, 0.08738322620790749, 0.05124092916802806, 0.6681804717192042, 0.11881986988641215], [0.07799800373662852, 0.06059387723124414, 0.7555124318271781, 0.021567988959949044, 0.08432769824500018], [0.13558280517818883, 0.01782002813189797, 0.7430500495607534, 0.02321895401738779, 0.080328163111772], [0.1128316867975582, 0.6621111826796636, 0.10348563643582835, 0.012414352802539429, 0.10915714128441033]], [[0.7538907683721742, 0.047068172278567605, 0.055288423361569486, 0.08023151730836685, 0.06352111867932193], [0.10494894925721192, 0.026715683041370973, 0.10502245495803184, 0.7290772360245301, 0.034235676718855065], [0.11612566269191422, 0.046580476426067385, 0.6845839914626305, 0.10975740960300889, 0.04295245981637891], [0.1027398945264768, 0.70816208196681, 0.12627622769893437, 0.011092131409071046, 0.05172966439870792]]]], "possible_rewards": [0.75, 1.0, 0.0, 0.25, 0.5]}