{"transition_matrix": [[0.3048780487804878, 0.17073170731707318, 0.036585365853658534, 0.036585365853658534, 0.12195121951219512, 0.0975609756097561, 0.06097560975609756, 0.17073170731707318], [0.025, 0.275, 0.1125, 0.1875, 0.0375, 0.1375, 0.1125, 0.1125], [0.07462686567164178, 0.04477611940298507, 0.16417910447761194, 0.13432835820895522, 0.22388059701492538, 0.19402985074626866, 0.04477611940298507, 0.11940298507462686], [0.1511627906976744, 0.11627906976744186, 0.03488372093023256, 0.2441860465116279, 0.09302325581395349, 0.023255813953488372, 0.16279069767441862, 0.1744186046511628], [0.11267605633802817, 0.07042253521126761, 0.18309859154929578, 0.04225352112676056, 0.23943661971830985, 0.15492957746478872, 0.08450704225352113, 0.11267605633802817], [0.15476190476190477, 0.13095238095238096, 0.08333333333333333, 0.10714285714285714, 0.10714285714285714, 0.2857142857142857, 0.03571428571428571, 0.09523809523809523], [0.038461538461538464, 0.0641025641025641, 0.0641025641025641, 0.07692307692307693, 0.1794871794871795, 0.14102564102564102, 0.3076923076923077, 0.1282051282051282], [0.1724137931034483, 0.12643678160919541, 0.13793103448275862, 0.022988505747126436, 0.16091954022988506, 0.022988505747126436, 0.09195402298850575, 0.26436781609195403]], "reference_matrix": [[0.00047988251822890916, 0.00044175139647506176, 0.00020290162622538395, 7.593769661233376e-05, 0.00033400469602978594, 0.0004066090590457934, 0.010146673078791002, 0.0002934755038879524, 0.00044175139647506176, 0.0004066501463897488, 0.00018677920809227915, 6.990374153949989e-05, 0.00030746492171653754, 0.0003743001939637429, 0.009340425691426688, 0.0002701561502015044, 0.00020290162622538395, 0.00018677920809227915, 8.57898930697603e-05, 3.2107612903503655e-05, 0.0001412222646523488, 0.0001719204934217055, 0.004290167677002059, 0.0001240859058920232, 7.593769661233376e-05, 6.990374153949989e-05, 3.2107612903503655e-05, 1.201655310985125e-05, 5.285365961613537e-05, 6.434273846774582e-05, 0.001605632530073166, 4.644022845350768e-05, 0.00033400469602978594, 0.00030746492171653754, 0.0001412222646523488, 5.285365961613537e-05, 0.00023247176701013888, 0.00028300538154791665, 0.007062221124251485, 0.00020426290340821738, 0.0004066090590457934, 0.0003743001939637429, 0.0001719204934217055, 6.434273846774582e-05, 0.00028300538154791665, 0.00034452375449784745, 0.008597373390969151, 0.00024866460843224296, 0.010146673078791002, 0.009340425691426688, 0.004290167677002059, 0.001605632530073166, 0.007062221124251485, 0.008597373390969151, 0.21454204030568874, 0.006205268751140601, 0.0002934755038879524, 0.0002701561502015044, 0.0001240859058920232, 4.644022845350768e-05, 0.00020426290340821738, 0.00024866460843224296, 0.006205268751140601, 0.00017947699303604058], [0.00020056828079437897, 0.00021916143331328686, 0.00013495260249141616, 0.0002574523516888255, 4.7521529442325425e-05, 0.00013454638210836454, 0.0004017902771437378, 0.009807067879638691, 0.00018463126862074068, 0.00020174702253570914, 0.00012422936519660788, 0.0002369953719174179, 4.3745502693566077e-05, 0.00012385542279472173, 0.0003698643090259082, 0.009027805278561049, 8.480331913861608e-05, 9.266478676753988e-05, 5.7060012542058435e-05, 0.00010885476934230456, 2.0092825302641803e-05, 5.688825638675761e-05, 0.00016988303915485485, 0.004146577434463301, 3.173837903750374e-05, 3.468060160534935e-05, 2.135520548416735e-05, 4.073984325753697e-05, 7.519914454612446e-06, 2.1290924250669266e-05, 6.358020350508492e-05, 0.0015518926341578543, 0.0001395982248054887, 0.00015253930938225786, 9.392882895574207e-05, 0.0001791903042964391, 3.307562454001109e-05, 9.364609409792101e-05, 0.00027965144444187237, 0.00682585133163717, 0.00016994342746474734, 0.00018569758387434129, 0.00011434663408313767, 0.0002181418461661597, 4.0265447556361656e-05, 0.0001140024396575365, 0.00034044075438737653, 0.008309622649425133, 0.004240831240751625, 0.004633966295576576, 0.002853448264100455, 0.005443592435068348, 0.0010047988937688488, 0.002844859108904766, 0.008495484693755077, 0.20736140171028053, 0.00012265893220555482, 0.0001340297044197432, 8.253120610296278e-05, 0.00015744678284566177, 2.9062123058960927e-05, 8.228277919204796e-05, 0.0002457176487220805, 0.005997580820952966], [0.009987935268366145, 9.031347653574351e-07, 0.00038755930228207653, 0.0003473546526244607, 0.00017698563582340337, 0.0002144441990474497, 5.585601198661448e-05, 0.00018135226633534367, 0.00919430107391119, 8.313723226973553e-07, 0.00035676411725075866, 0.0003197541003062146, 0.00016292248375616113, 0.00019740461633153153, 5.1417733214538034e-05, 0.0001669421449300239, 0.004223050916846824, 3.8185911265951363e-07, 0.00016386596657454826, 0.0001468668293118301, 7.483221822632082e-05, 9.067026838550559e-05, 2.3616771263883636e-05, 7.66784960096166e-05, 0.0015805134994124183, 1.4291409085890018e-07, 6.132826180999883e-05, 5.496618698515834e-05, 2.8006607882906093e-05, 3.3934135770647746e-05, 8.838781849917547e-06, 2.8697593385478015e-05, 0.006951737470220777, 6.285939606436157e-07, 0.0002697464942669436, 0.00024176351660516832, 0.00012318438628063587, 0.0001492560507987254, 3.887653664459194e-05, 0.00012622361992931672, 0.008462873322139698, 7.65234746389242e-07, 0.00032838271293347994, 0.0002943169277765575, 0.0001499616262588001, 0.00018170062604972703, 4.732733453127003e-05, 0.00015366151416097568, 0.2111856757655331, 1.909595132573943e-05, 0.008194583860678905, 0.007344493638953926, 0.003742197971640658, 0.004534224729436239, 0.0011810238372610637, 0.0038345263448934575, 0.006108191535091062, 5.523183701715304e-07, 0.00023701459670477271, 0.00021242716255431862, 0.00010823680105268294, 0.00013114484687537292, 3.415913403856036e-05, 0.0001109072444239351], [7.188054114112171e-05, 0.00017819902680312713, 0.010075469444227061, 0.00014382613669539684, 0.010162258498597107, 0.009937830805126746, 0.0004148916968772007, 3.492069096431193e-05, 6.61689647409222e-05, 0.000164039459556283, 0.009274879846750354, 0.0001323978147178464, 0.009354772704919505, 0.009148177875493114, 0.00038192469931564663, 3.214591783066448e-05, 3.0392185873579084e-05, 7.534525838444496e-05, 0.0042600616975229525, 6.0811877742314396e-05, 0.004296757429501765, 0.0042018659878564025, 0.00017542251864994434, 1.4764999174637817e-05, 1.137453963868119e-05, 2.8198617619852698e-05, 0.0015943651056644428, 2.275937363504719e-05, 0.0016080988022040615, 0.0015725848556634447, 6.56534018382569e-05, 5.525929233112944e-06, 5.002982476399482e-05, 0.00012402892274519323, 0.007012662435582188, 0.00010010492827573585, 0.007073068786350215, 0.0069168640889695175, 0.00028877020903405644, 2.4305271243745115e-05, 6.090507173497871e-05, 0.00015098974407051167, 0.008537041868667534, 0.00012186526469799612, 0.008610579066611564, 0.008420419330010632, 0.00035154171295041846, 2.958863629088214e-05, 0.0015198477210158375, 0.003767854004357687, 0.21303650514969175, 0.0030410709575745963, 0.2148715796274209, 0.2101262631197989, 0.008772502125842607, 0.0007383657904607088, 4.3959046703732506e-05, 0.0001089788587765229, 0.006161723671379355, 8.795787788794743e-05, 0.0062148001234185145, 0.006077549800838088, 0.00025372991341577266, 2.1355992326393363e-05], [0.0003020778467885192, 0.00010009072474015182, 6.269405942690402e-05, 0.000180933279015143, 0.00044915115996296086, 1.4879326839408373e-05, 0.0102915070280809, 0.010127605598716345, 0.0002780749570863804, 9.213758732313715e-05, 5.771243429483391e-05, 0.00016655645004268546, 0.00041346192996217167, 1.3697026168355107e-05, 0.009473751238670924, 0.009322873299684379, 0.00012772310728522085, 4.2319880488262886e-05, 2.6508001707038144e-05, 7.650134179914383e-05, 0.00018990794062231426, 6.2912056559119045e-06, 0.004351405673235019, 0.004282105656469521, 4.780148267829047e-05, 1.5838582987098233e-05, 9.920849964959314e-06, 2.863129188292852e-05, 7.107469687419509e-05, 2.3545383805537435e-06, 0.00162855138225585, 0.001602615248838553, 0.00021025024992846975, 6.966449250040931e-05, 4.363590976191333e-05, 0.00012593199911128727, 0.00031261525676852016, 1.035621188382986e-05, 0.007163027503666812, 0.00704894990130739, 0.0002559534560554028, 8.480783079160085e-05, 5.312127769400124e-05, 0.00015330650218711245, 0.0003805700845196244, 1.2607396301360387e-05, 0.008720092584941875, 0.008581217332273487, 0.006387157354721852, 0.0021163260247649453, 0.0013256080411823761, 0.0038256672445913147, 0.009496886862900893, 0.00031460963743617826, 0.21760442053070417, 0.21413887603234133, 0.0001847378158863461, 6.121118140755983e-05, 3.834098968430286e-05, 0.00011065100980348598, 0.00027468152721727427, 9.099556195180951e-06, 0.006293842963855848, 0.006193607900598607], [0.00021636544751071324, 0.009947930756415046, 0.010098258144708452, 0.00038712725616738306, 0.00016602637687643165, 0.0001358289412111629, 0.00018361442638641212, 0.0003868968020261629, 0.00019917320376571142, 0.009157475291874112, 0.009295857773386772, 0.0003563664012114, 0.000152834039688592, 0.00012503607066831799, 0.0001690245553610138, 0.00035615425879145275, 9.14826014519776e-05, 0.0042061364008498916, 0.004269697106631629, 0.00016368329090718034, 7.019847688735222e-05, 5.7430541879149364e-05, 7.763497167961578e-05, 0.0001635858513917829, 3.4238158479077876e-05, 0.0015741830948315663, 0.0015979712412447346, 6.125989385423079e-05, 2.6272389924555374e-05, 2.1493879308076112e-05, 2.905556271572279e-05, 6.122342626894842e-05, 0.000150593265605671, 0.00692389379109831, 0.007028523678048974, 0.0002694457843520635, 0.00011555659444774204, 9.45387725077356e-05, 0.00012779811379297405, 0.0002692853851658812, 0.00018332851829452879, 0.008428977115580525, 0.008556350953094724, 0.0003280166361178288, 0.00014067574107024707, 0.00011508916428314728, 0.0001555782640629531, 0.0003278213701142649, 0.004574847755529817, 0.21033981727095302, 0.21351835119511253, 0.008185448644216059, 0.003510474552894044, 0.002871977637765438, 0.003882357631965148, 0.00818057590403114, 0.0001323197997845374, 0.006083726496552108, 0.006175660260237417, 0.00023675037588739338, 0.00010153458974152433, 8.306713716438877e-05, 0.00011229068419438707, 0.0002366094400486234], [0.00023996604257531286, 0.000306590761863679, 0.00024962443560032593, 0.0001625326605127607, 1.2681229327279523e-05, 0.00043749312189215485, 4.141835268412872e-05, 0.000387003552530818, 0.00022089851242231102, 0.0002822292791566715, 0.00022978945644388358, 0.00014961793152896277, 1.1673587912769196e-05, 0.0004027302312602794, 3.81272799964403e-05, 0.00035625252697734093, 0.0001014612919368221, 0.00012963123640637837, 0.00010554500738186828, 6.872128048024967e-05, 5.361816601568049e-06, 0.00018497874484353484, 1.751230935896999e-05, 0.00016363098712849367, 3.797277009714732e-05, 4.851561658147892e-05, 3.9501136085562564e-05, 2.5719536333945018e-05, 2.0067064515716083e-06, 6.9229902524563e-05, 6.554133940777783e-06, 6.124031871059358e-05, 0.0001670195976374487, 0.00021339129960339868, 0.00017374196926782525, 0.00011312492080318227, 8.826306410106779e-06, 0.00030450110525386583, 2.8827731315100647e-05, 0.00026935968495490025, 0.00020332552878691798, 0.00025977729227064284, 0.00021150917780645093, 0.0001377154816958318, 1.074492720288976e-05, 0.00037069211707920743, 3.509416736887051e-05, 0.0003279118208404357, 0.005073860562808602, 0.006482578780092782, 0.005278078371894398, 0.0034366031439020586, 0.00026813289364232266, 0.009250388404317448, 0.0008757528523834495, 0.008182833044957483, 0.00014675290844246735, 0.0001874977206033883, 0.0001526595661182352, 9.939798311110561e-05, 7.755294317612085e-06, 0.0002675519726550414, 2.5329682708686222e-05, 0.00023667472406492716], [0.00011606113064230107, 0.010115105591235941, 0.0002931118478103974, 0.000382160179234164, 0.00021378492139539183, 0.00985365892108828, 0.00011120332271941419, 0.0003655689720218733, 0.00010683899619209435, 0.009311366533860116, 0.0002698213899758362, 0.00035179400465953827, 0.00019679772441028335, 0.009070694229172427, 0.00010236718621313769, 0.0003365211229086335, 4.907241096381531e-05, 0.004276820463220631, 0.00012393214657235684, 0.00016158313524604833, 9.039151576865619e-05, 0.00416627683529279, 4.7018455901892995e-05, 0.00015456812053611405, 1.836577618982027e-05, 0.001600637219342496, 4.638268269211899e-05, 6.0473892349952227e-05, 3.3829810181730634e-05, 0.0015592653060849525, 1.7597065661229584e-05, 5.784846214180635e-05, 8.078011010720697e-05, 0.0070402497277435114, 0.0002040097938803033, 0.000265988631907004, 0.00014879718467335058, 0.0068582793240018715, 7.739901036503852e-05, 0.00025444092822702756, 9.833970884462617e-05, 0.008570625956079098, 0.00024835647915081666, 0.0003238079842055271, 0.00018114201377365888, 0.00834909968558327, 9.42236416125041e-05, 0.0003097500952498696, 0.0024540055222860547, 0.21387457490744474, 0.00619757957891219, 0.00808042438539416, 0.004520284911773631, 0.20834652629396846, 0.002351291655869313, 0.007729618616959625, 7.097799461993999e-05, 0.006185963433766487, 0.00017925459662327637, 0.00023371272531573547, 0.00013074166102510726, 0.006026073897584609, 6.800716827431334e-05, 0.00022356625672857635], [0.009899890434054245, 0.000309214260205529, 0.00024172144399729314, 0.010058136522759597, 3.1027316434841505e-05, 0.00030572608821654847, 0.00023035529062695895, 0.0002544140351234448, 0.009113252219176405, 0.00028464431619623583, 0.00022251443090251743, 0.00925892418682862, 2.8561908057310785e-05, 0.00028143331185924875, 0.00021205142395151245, 0.00023419847781374476, 0.004185824222012095, 0.00013074049140054974, 0.00010220350235222266, 0.004252733074746768, 1.3118821217479536e-05, 0.00012926563923937898, 9.739771986345975e-05, 0.00010757012289513141, 0.0015665810854104747, 4.893076490128358e-05, 3.825054879412334e-05, 0.0015916223049125848, 4.909832829125828e-06, 4.8378788665082185e-05, 3.645194294060905e-05, 4.025905316248281e-05, 0.006890457079699629, 0.00021521728978415842, 0.00016824138066993475, 0.0070005984887907624, 2.1595430132955637e-05, 0.00021278947509905814, 0.00016033038483808515, 0.000177075595045084, 0.008388272089809896, 0.0002620002075710893, 0.0002048128972434171, 0.008522355518111544, 2.6289742720465227e-05, 0.00025904464599851146, 0.00019518224650844448, 0.00021556745140743376, 0.2093240489795933, 0.006538050231930092, 0.005110976906234937, 0.2126700165176828, 0.0006560439783021256, 0.006464296053625355, 0.004870650080332172, 0.005379350034631316, 0.0060543471020623706, 0.00018910213932792362, 0.00014782643643582413, 0.006151123602261837, 1.897497195482856e-05, 0.00018696892339854987, 0.0001408753859996934, 0.0001555886791408486], [0.0003915934836916253, 0.0002872739079760991, 0.0001599280870239608, 0.009910760258483208, 0.010312779629903747, 0.0004652041492173649, 2.8911508496904328e-05, 6.791569254832788e-05, 0.000360477745490185, 0.00026444732866629607, 0.00014722031558715755, 0.009123258335128816, 0.009493333534764106, 0.00042823936016926547, 2.6614220705193226e-05, 6.251916018220855e-05, 0.00016557167982183768, 0.00012146377683353664, 6.762002720173593e-05, 0.004190420149076828, 0.004360400052775725, 0.00019669538859503553, 1.2224225446471997e-05, 2.8715787595549815e-05, 6.196663981361533e-05, 4.545887386988027e-05, 2.530738272575155e-05, 0.0015683011510481278, 0.0016319176069504694, 7.361495825362816e-05, 4.575022588748619e-06, 1.0747133017025936e-05, 0.00027255433886273816, 0.00019994650912679438, 0.00011131210257503655, 0.006898022623903432, 0.007177833521047535, 0.00032378835350076873, 2.0122799311194765e-05, 4.727023674247717e-05, 0.0003318009135235131, 0.00024340993675216717, 0.00013550860160483553, 0.008397482196273799, 0.008738117064438578, 0.0003941719362388651, 2.4496998367240252e-05, 5.7545617505379274e-05, 0.008279882904399648, 0.006074141727558704, 0.003381531840621258, 0.20955388138797443, 0.21805421006883596, 0.009836312509208944, 0.0006113071716291248, 0.0014360146557346526, 0.0002394817285067651, 0.00017568436376532302, 9.780513801255978e-05, 0.006060994619069735, 0.006306852371996007, 0.00028449884485520674, 1.7681034840786725e-05, 4.153431586981085e-05], [0.00020056828079437897, 0.00018463126862074068, 8.480331913861608e-05, 3.173837903750374e-05, 0.0001395982248054887, 0.00016994342746474734, 0.004240831240751625, 0.00012265893220555482, 0.00021916143331328686, 0.00020174702253570914, 9.266478676753988e-05, 3.468060160534935e-05, 0.00015253930938225786, 0.00018569758387434129, 0.004633966295576576, 0.0001340297044197432, 0.00013495260249141616, 0.00012422936519660788, 5.7060012542058435e-05, 2.135520548416735e-05, 9.392882895574207e-05, 0.00011434663408313767, 0.002853448264100455, 8.253120610296278e-05, 0.0002574523516888255, 0.0002369953719174179, 0.00010885476934230456, 4.073984325753697e-05, 0.0001791903042964391, 0.0002181418461661597, 0.005443592435068348, 0.00015744678284566177, 4.7521529442325425e-05, 4.3745502693566077e-05, 2.0092825302641803e-05, 7.519914454612446e-06, 3.307562454001109e-05, 4.0265447556361656e-05, 0.0010047988937688488, 2.9062123058960927e-05, 0.00013454638210836454, 0.00012385542279472173, 5.688825638675761e-05, 2.1290924250669266e-05, 9.364609409792101e-05, 0.0001140024396575365, 0.002844859108904766, 8.228277919204796e-05, 0.0004017902771437378, 0.0003698643090259082, 0.00016988303915485485, 6.358020350508492e-05, 0.00027965144444187237, 0.00034044075438737653, 0.008495484693755077, 0.0002457176487220805, 0.009807067879638691, 0.009027805278561049, 0.004146577434463301, 0.0015518926341578543, 0.00682585133163717, 0.008309622649425133, 0.20736140171028053, 0.005997580820952966], [8.382809069453085e-05, 9.159915234734596e-05, 5.6403828941981194e-05, 0.00010760295197931395, 1.9861760116087692e-05, 5.6234047962767795e-05, 0.00016792940368829184, 0.00409889226953384, 9.159915234734596e-05, 0.00010009060973757461, 6.163259687086318e-05, 0.00011757799932833712, 2.1702992107855006e-05, 6.14470767945761e-05, 0.0001834968553452498, 0.004478869247070714, 5.6403828941981194e-05, 6.163259687086318e-05, 3.795138232253496e-05, 7.240077218518126e-05, 1.3364008541680463e-05, 3.783714499194788e-05, 0.00011299149582779758, 0.0027579444611814286, 0.00010760295197931395, 0.00011757799932833712, 7.240077218518126e-05, 0.00013812070844908253, 2.5494843104370888e-05, 7.218283885994458e-05, 0.00021555661606121975, 0.005261397514757024, 1.9861760116087692e-05, 2.1702992107855006e-05, 1.3364008541680463e-05, 2.5494843104370888e-05, 4.705934629318109e-06, 1.3323781583706446e-05, 3.978825599939511e-05, 0.0009711686658333834, 5.6234047962767795e-05, 6.14470767945761e-05, 3.783714499194788e-05, 7.218283885994458e-05, 1.3323781583706446e-05, 3.772325152677231e-05, 0.0001126513804993832, 0.002749642781667486, 0.00016792940368829184, 0.0001834968553452498, 0.00011299149582779758, 0.00021555661606121975, 3.978825599939511e-05, 0.0001126513804993832, 0.0003364061424930575, 0.008211144127254648, 0.00409889226953384, 0.004478869247070714, 0.0027579444611814286, 0.005261397514757024, 0.0009711686658333834, 0.002749642781667486, 0.008211144127254648, 0.20042109629416155], [0.004174486315640621, 3.7746777665897335e-07, 0.00016198152675256667, 0.00014517787761875552, 7.397165629915127e-05, 8.962757069795573e-05, 2.3345181102933127e-05, 7.579670209968692e-05, 0.004561471039483231, 4.1245992952879063e-07, 0.00017699759619399372, 0.00015863620916672436, 8.082900324453575e-05, 9.79362578207951e-05, 2.5509334433206506e-05, 8.282323509377739e-05, 0.0028088080035848497, 2.539796353392521e-07, 0.00010898945986979044, 9.768310488195828e-05, 4.977191552240094e-05, 6.0306015850396125e-05, 1.5707832429915052e-05, 5.099989972545056e-05, 0.005358431127782885, 4.845231080543248e-07, 0.0002079218350350612, 0.00018635242750302626, 9.495108995852619e-05, 0.00011504724855273254, 2.9966212761794305e-05, 9.729374519507088e-05, 0.0009890794973641715, 8.943510903610058e-08, 3.837899922259617e-05, 3.43976363476281e-05, 1.752643154139361e-05, 2.1235856551682493e-05, 5.5312769632642085e-06, 1.795884771109026e-05, 0.0028003532198899055, 2.532151320777356e-07, 0.00010866139105659572, 9.738906929057096e-05, 4.9622097243868604e-05, 6.012448891125745e-05, 1.5660550335396004e-05, 5.0846385095724285e-05, 0.008362578604408082, 7.561658403609843e-07, 0.0003244910026067468, 0.00029082893592422015, 0.00014818440965591733, 0.0001795472660373964, 4.676645154541868e-05, 0.00015184044965931644, 0.20411737338508285, 1.8456817266464774e-05, 0.007920314327959541, 0.007098676295124907, 0.0036169480618862167, 0.00438246599233253, 0.0011414954290486195, 0.0037061862404178057], [3.004267922168268e-05, 7.447879655429705e-05, 0.004211071476583704, 6.0112548122731925e-05, 0.004247345211853357, 0.00415354501090391, 0.00017340517980450525, 1.4595203377512642e-05, 3.282770641857046e-05, 8.138315659704198e-05, 0.004601447731104292, 6.568512306389116e-05, 0.004641084127157734, 0.004538588426423129, 0.00018948024881793106, 1.5948213142405523e-05, 2.021425187832839e-05, 5.011314543666764e-05, 0.0028334243719471933, 4.0446798364243244e-05, 0.0028578311971806554, 0.00279471762218161, 0.00011667587819681696, 9.820399675789806e-06, 3.856321840134148e-05, 9.5602062539067e-05, 0.005405392370529774, 7.716133786912709e-05, 0.005451953862769338, 0.005331550565559662, 0.0002225854016341784, 1.873461455637419e-05, 7.118144800887893e-06, 1.7646590524014626e-05, 0.0009977477812823615, 1.4242731772708439e-05, 0.0010063422777389927, 0.0009841177814554306, 4.10856558419604e-05, 3.458106058815221e-06, 2.0153405025511016e-05, 4.996230002309734e-05, 0.002824895490603142, 4.032504959007063e-05, 0.002849228848932577, 0.0027863052518971917, 0.000116324672521202, 9.790839323159534e-06, 6.018327705064813e-05, 0.0001492003430969317, 0.008435868168921723, 0.0001204210220798065, 0.008508533867053593, 0.008320627740589588, 0.00034737554201424086, 2.923797714570813e-05, 0.0014689790092746813, 0.0036417453971728003, 0.20590625623004355, 0.002939287496122374, 0.2076799114791616, 0.20309341886830828, 0.008478889893697465, 0.0007136529748048269], [0.00012625430619987772, 4.1833206716273125e-05, 2.6203162727583717e-05, 7.562158514231695e-05, 0.00018772402108551163, 6.218857512401076e-06, 0.004301365007051232, 0.004232861932530586, 0.00013795837806032223, 4.571124361099066e-05, 2.8632257692859902e-05, 8.263188438157772e-05, 0.00020512648044589227, 6.7953602662935035e-06, 0.004700111684735464, 0.004625258213693834, 8.495035770331611e-05, 2.8147522103508332e-05, 1.7630828711239573e-05, 5.088207207571523e-05, 0.00012631032731249932, 4.184365556197857e-06, 0.002894178479608031, 0.002848086105736102, 0.00016206185700580898, 5.369771035147209e-05, 3.363475939058091e-05, 9.706896253094807e-05, 0.00024096527379867787, 7.982615621194709e-06, 0.005521294454693239, 0.005433362915551535, 2.991399091389134e-05, 9.911726603830833e-06, 6.208431184178608e-06, 1.7917356476222274e-05, 4.4478282207506824e-05, 1.4734614027836684e-06, 0.0010191414266263283, 0.001002910690341262, 8.469464891215879e-05, 2.806279534018735e-05, 1.757775821196519e-05, 5.0728912118608276e-05, 0.00012593012101342092, 4.171770211256845e-06, 0.0028854667225251623, 0.002839513091155596, 0.00025292011517337036, 8.380276110345814e-05, 5.24917298620699e-05, 0.00015148964498294597, 0.0003760598942153292, 1.245798425119208e-05, 0.008616749525072088, 0.008479520102813312, 0.006173381683758192, 0.0020454934163295947, 0.0012812404559327205, 0.003697623650755067, 0.009179029755516223, 0.00030407977530825804, 0.21032128526095542, 0.20697173118826206], [9.043056202732897e-05, 0.004157766314637744, 0.004220596079592706, 0.00016180095183442262, 6.93912024541416e-05, 5.6770097234191226e-05, 7.674217840917836e-05, 0.00016170463286227697, 9.881368833965168e-05, 0.004543201054965855, 0.004611855287268834, 0.0001768002815551877, 7.582393052854222e-05, 6.203281909732907e-05, 8.385635928635264e-05, 0.0001766950335872284, 6.0846309506241227e-05, 0.0027975579313398243, 0.002839833012230051, 0.00010886795982475987, 4.66899517915078e-05, 3.8197826371654096e-05, 5.163606456694241e-05, 0.00010880315149161333, 0.0001160779798593683, 0.005336969092203874, 0.0054176182889743955, 0.00020769004645339672, 8.907155302711668e-05, 7.287091947270373e-05, 9.850737228695481e-05, 0.00020756641002497977, 2.14261128372208e-05, 0.0009851179536106579, 0.0010000044875797184, 3.833621480895338e-05, 1.6441164362591826e-05, 1.3450790107355313e-05, 1.8182863592866607e-05, 3.8313393529075304e-05, 6.066315623095352e-05, 0.0027891370114501894, 0.00283128484025905, 0.00010854025673844943, 4.654941052182302e-05, 3.808284722064869e-05, 5.148063501952782e-05, 0.00010847564348465245, 0.00018115586589922432, 0.008329084106623178, 0.00845494841863775, 0.0003241292642196052, 0.00013900857281600704, 0.00011372522619659355, 0.0001537344838850615, 0.0003239363123412757, 0.004421729381552076, 0.20329982544513245, 0.2063719750758448, 0.007911484863636542, 0.0033929803357849275, 0.0027758536639209464, 0.0037524166329257753, 0.00790677521216928], [0.00010029449871604391, 0.00012814049205498338, 0.00010433125190182935, 6.793099363630252e-05, 5.300156325591462e-06, 0.00018285151049286357, 1.7310919809811286e-05, 0.00016174924954319217, 0.00010959203521607796, 0.00014001941779134526, 0.00011400300493982855, 7.422835691048646e-05, 5.791493313401642e-06, 0.00019980227663315837, 1.8915682890950613e-05, 0.00017674378633965928, 6.748327085267338e-05, 8.621948006364565e-05, 7.019940495862284e-05, 4.570744857929589e-05, 3.5662163873419177e-06, 0.00012303185285711437, 1.164767265592335e-05, 0.00010883317187758956, 0.00012873947193259806, 0.0001644829925023882, 0.00013392110681899005, 8.719720782846169e-05, 6.803357464786965e-06, 0.00023471084859376726, 2.2220547522674355e-05, 0.00020762368064314868, 2.3763218963441023e-05, 3.036089326700565e-05, 2.4719664741456987e-05, 1.6095190632079462e-05, 1.2557894691919842e-06, 4.332381673236049e-05, 4.101552758778677e-06, 3.8323964756526294e-05, 6.728013968195665e-05, 8.595995109146304e-05, 6.998809796160437e-05, 4.556986473928528e-05, 3.555481731172518e-06, 0.00012266151508316632, 1.1612612034930508e-05, 0.000108505573506364, 0.00020091588897061982, 0.0002566986345607127, 0.00020900255239942182, 0.00013608339589728593, 1.0617587539416206e-05, 0.0003662989919746957, 3.467826139033259e-05, 0.0003240256911230011, 0.004904040424372745, 0.006265609391157246, 0.005101423142864168, 0.003321581374103265, 0.000259158590041764, 0.008940781504411419, 0.0008464417452321268, 0.007908956807467234], [4.850808386579775e-05, 0.004227637518397905, 0.00012250694110043012, 0.00015972494772252882, 8.935202370423022e-05, 0.004118365129513094, 4.6477749051521455e-05, 0.0001527906048772137, 5.3004897609948e-05, 0.004619549484053206, 0.00013386362338081687, 0.00017453182696742882, 9.763516697108115e-05, 0.004500147287082123, 5.078634597137242e-05, 0.00016695465419092672, 3.263872100630153e-05, 0.0028445708525719135, 8.242893870997878e-05, 0.00010747111802817407, 6.0120613733148755e-05, 0.0027710467978108453, 3.1272607850072144e-05, 0.00010280533732827172, 6.226567938711872e-05, 0.005426656781863159, 0.00015725168486060076, 0.00020502525749172305, 0.000114693552438599, 0.005286393160010152, 5.965951219766663e-05, 0.00019612423452900843, 1.1493234755213109e-05, 0.0010016728468046781, 2.902611113450035e-05, 3.784433797710833e-05, 2.117056998431896e-05, 0.0009757824566340291, 1.1012178551947727e-05, 3.6201353471374574e-05, 3.2540475299996325e-05, 0.002836008419243347, 8.218081963380583e-05, 0.00010714761957074219, 5.993964487231088e-05, 0.0027627056789966873, 3.117847427646664e-05, 0.00010249588332191495, 9.717427094133407e-05, 0.008469054246527516, 0.00024541317112467795, 0.0003199704896408648, 0.0001789952739550163, 0.008250153315431651, 9.310698380853479e-05, 0.00030607920273052226, 0.002371870912483871, 0.2067162761191573, 0.005990149002326633, 0.007809975725884976, 0.004368992734942112, 0.20137324914141574, 0.0022725948392028, 0.007470911289996376], [0.004137687723526998, 0.00012923699074394115, 0.00010102817379679074, 0.004203827132128932, 1.296795627806316e-05, 0.0001277790992134745, 9.627765725547818e-05, 0.00010633307881894847, 0.0045212611311189034, 0.00014121756449403595, 0.00011039372370663027, 0.004593531818838232, 1.417011640020005e-05, 0.00013962452298135563, 0.00010520282308142174, 0.00011619040593196608, 0.002784048027809594, 8.695726048992842e-05, 6.797692498949769e-05, 0.002828550006301521, 8.725504560283235e-06, 8.597631646723736e-05, 6.478053437434405e-05, 7.154633654288241e-05, 0.005311195921692633, 0.00016589047410904017, 0.00012968122789802614, 0.005396093425008887, 1.664585659887052e-05, 0.00016401910341403653, 0.0001235833960252415, 0.00013649068085853954, 0.0009803606442552073, 3.0620691548789785e-05, 2.39370518437585e-05, 0.0009960313467248418, 3.072555209796853e-06, 3.0275266863418852e-05, 2.2811490958507266e-05, 2.5193966442620997e-05, 0.002775667774035956, 8.669551072732131e-05, 6.77723078720941e-05, 0.002820035797269401, 8.69923994782404e-06, 8.571751944099321e-05, 6.458553870177442e-05, 7.133097515155068e-05, 0.008288861481913575, 0.00025889520577515986, 0.00020238563041158542, 0.008421355868399032, 2.5978179233098833e-05, 0.00025597467098395716, 0.00019286911389087652, 0.00021301273082164035, 0.20231805452317658, 0.006319224235089463, 0.004939914498229219, 0.20555203382992104, 0.0006340864416618978, 0.006247938580429569, 0.0047076313176610965, 0.005199305282461314], [0.00016366762449313886, 0.00012006695733051145, 6.684240464419004e-05, 0.00414223079795759, 0.004310255952258776, 0.0001944334141849923, 1.2083648255821902e-05, 2.8385559331586286e-05, 0.00017883999917050886, 0.00013119744736256228, 7.303885315218768e-05, 0.004526225359260632, 0.004709826841526347, 0.0002124578501047465, 1.3203830939322416e-05, 3.101696760759263e-05, 0.00011012395270805923, 8.07871927744641e-05, 4.497499020179353e-05, 0.0027871048407577446, 0.002900160762497501, 0.00013082475031262028, 8.130496872463241e-06, 1.909925682066987e-05, 0.00021008613452832225, 0.0001541196863354096, 8.579987922330081e-05, 0.005317027477866026, 0.005532707000801491, 0.0002495775480078632, 1.551074600689856e-05, 3.643611529687292e-05, 3.8778493814183074e-05, 2.8447994993195543e-05, 1.5837266429736123e-05, 0.000981437054964104, 0.0010212479975795071, 4.6067968375500553e-05, 2.8630322007319016e-06, 6.725516059519702e-06, 0.00010979246896171894, 8.054401551230945e-05, 4.483961113232596e-05, 0.002778715385681547, 0.0028914309981646646, 0.000130430955163779, 8.106023290680021e-06, 1.9041766210793065e-05, 0.0003278686936144812, 0.00024052525090489555, 0.00013390266985673668, 0.008297962438093298, 0.008634560393893721, 0.0003895005484515307, 2.420668094867667e-05, 5.6863636191858405e-05, 0.008002758445882897, 0.00587084256781947, 0.0032683532859110976, 0.20254019453029337, 0.21075602051829118, 0.009507094957537092, 0.0005908469584979572, 0.0013879518040630276], [0.009987935268366145, 0.00919430107391119, 0.004223050916846824, 0.0015805134994124183, 0.006951737470220777, 0.008462873322139698, 0.2111856757655331, 0.006108191535091062, 9.031347653574351e-07, 8.313723226973553e-07, 3.8185911265951363e-07, 1.4291409085890018e-07, 6.285939606436157e-07, 7.65234746389242e-07, 1.909595132573943e-05, 5.523183701715304e-07, 0.00038755930228207653, 0.00035676411725075866, 0.00016386596657454826, 6.132826180999883e-05, 0.0002697464942669436, 0.00032838271293347994, 0.008194583860678905, 0.00023701459670477271, 0.0003473546526244607, 0.0003197541003062146, 0.0001468668293118301, 5.496618698515834e-05, 0.00024176351660516832, 0.0002943169277765575, 0.007344493638953926, 0.00021242716255431862, 0.00017698563582340337, 0.00016292248375616113, 7.483221822632082e-05, 2.8006607882906093e-05, 0.00012318438628063587, 0.0001499616262588001, 0.003742197971640658, 0.00010823680105268294, 0.0002144441990474497, 0.00019740461633153153, 9.067026838550559e-05, 3.3934135770647746e-05, 0.0001492560507987254, 0.00018170062604972703, 0.004534224729436239, 0.00013114484687537292, 5.585601198661448e-05, 5.1417733214538034e-05, 2.3616771263883636e-05, 8.838781849917547e-06, 3.887653664459194e-05, 4.732733453127003e-05, 0.0011810238372610637, 3.415913403856036e-05, 0.00018135226633534367, 0.0001669421449300239, 7.66784960096166e-05, 2.8697593385478015e-05, 0.00012622361992931672, 0.00015366151416097568, 0.0038345263448934575, 0.0001109072444239351], [0.004174486315640621, 0.004561471039483231, 0.0028088080035848497, 0.005358431127782885, 0.0009890794973641715, 0.0028003532198899055, 0.008362578604408082, 0.20411737338508285, 3.7746777665897335e-07, 4.1245992952879063e-07, 2.539796353392521e-07, 4.845231080543248e-07, 8.943510903610058e-08, 2.532151320777356e-07, 7.561658403609843e-07, 1.8456817266464774e-05, 0.00016198152675256667, 0.00017699759619399372, 0.00010898945986979044, 0.0002079218350350612, 3.837899922259617e-05, 0.00010866139105659572, 0.0003244910026067468, 0.007920314327959541, 0.00014517787761875552, 0.00015863620916672436, 9.768310488195828e-05, 0.00018635242750302626, 3.43976363476281e-05, 9.738906929057096e-05, 0.00029082893592422015, 0.007098676295124907, 7.397165629915127e-05, 8.082900324453575e-05, 4.977191552240094e-05, 9.495108995852619e-05, 1.752643154139361e-05, 4.9622097243868604e-05, 0.00014818440965591733, 0.0036169480618862167, 8.962757069795573e-05, 9.79362578207951e-05, 6.0306015850396125e-05, 0.00011504724855273254, 2.1235856551682493e-05, 6.012448891125745e-05, 0.0001795472660373964, 0.00438246599233253, 2.3345181102933127e-05, 2.5509334433206506e-05, 1.5707832429915052e-05, 2.9966212761794305e-05, 5.5312769632642085e-06, 1.5660550335396004e-05, 4.676645154541868e-05, 0.0011414954290486195, 7.579670209968692e-05, 8.282323509377739e-05, 5.099989972545056e-05, 9.729374519507088e-05, 1.795884771109026e-05, 5.0846385095724285e-05, 0.00015184044965931644, 0.0037061862404178057], [0.20788181926953683, 1.879720813396719e-05, 0.00806638516054477, 0.007229594023102133, 0.003683653825438073, 0.004463289862417669, 0.001162547521277429, 0.003774537783985044, 1.879720813396719e-05, 1.6996918483455866e-09, 7.293832682641127e-07, 6.53718463951553e-07, 3.3308544197636207e-07, 4.0358213527711364e-07, 1.0512053338702807e-07, 3.4130340298348225e-07, 0.00806638516054477, 7.293832682641127e-07, 0.0003129978840231931, 0.00028052809115116295, 0.0001429358789455809, 0.000173187897046135, 4.511003466782991e-05, 0.00014646242598625463, 0.007229594023102133, 6.53718463951553e-07, 0.00028052809115116295, 0.0002514266515587173, 0.00012810798834233107, 0.00015522172081277173, 4.043040724259785e-05, 0.0001312686982390206, 0.003683653825438073, 3.3308544197636207e-07, 0.0001429358789455809, 0.00012810798834233107, 6.527413293449567e-05, 7.90892384601289e-05, 2.0600274901647933e-05, 6.688459142840766e-05, 0.004463289862417669, 4.0358213527711364e-07, 0.000173187897046135, 0.00015522172081277173, 7.90892384601289e-05, 9.582827620981651e-05, 2.496027110272989e-05, 8.104054643051535e-05, 0.001162547521277429, 1.0512053338702807e-07, 4.511003466782991e-05, 4.043040724259785e-05, 2.0600274901647933e-05, 2.496027110272989e-05, 6.501370557450892e-06, 2.1108529645155196e-05, 0.003774537783985044, 3.4130340298348225e-07, 0.00014646242598625463, 0.0001312686982390206, 6.688459142840766e-05, 8.104054643051535e-05, 2.1108529645155196e-05, 6.853478352649049e-05], [0.0014960707354423545, 0.003708908486944454, 0.20970369368474853, 0.0029934954674209775, 0.21151005966834377, 0.20683898041527243, 0.008635262286873677, 0.0007268145590412852, 1.352785592124569e-07, 3.3536903334744207e-07, 1.8961946698874015e-05, 2.706795502700571e-07, 1.9125282951553878e-05, 1.8702911965775688e-05, 7.808225994371424e-07, 6.57204395704395e-08, 5.8051650798045266e-05, 0.0001439158291284563, 0.008137078888350689, 0.0001161558403780098, 0.008207170846443922, 0.008025920150721228, 0.00033507187792086577, 2.8202399777524207e-05, 5.2029485238765374e-05, 0.00012898628039559266, 0.007292954120821786, 0.00010410605898820622, 0.007355774875250545, 0.007193326774843769, 0.0003003121717736942, 2.5276737573358807e-05, 2.6510286984705872e-05, 6.57216440771007e-05, 0.0037159373348024044, 5.304456670979655e-05, 0.0037479460356546145, 0.00366517478119878, 0.0001530163487527488, 1.2879111988745495e-05, 3.212112233009555e-05, 7.963146420683582e-05, 0.004502406095076135, 6.42713154035361e-05, 0.0045411893566943305, 0.004440899775094358, 0.00018540187285136402, 1.560494354256362e-05, 8.366548509415902e-06, 2.074150776288663e-05, 0.0011727360774143989, 1.674066903894683e-05, 0.0011828379050014748, 0.0011567156032704726, 4.829139365077976e-05, 4.064600103129914e-06, 2.7164354912247838e-05, 6.734314366935179e-05, 0.003807617799553774, 5.435329451931646e-05, 0.003840416226471258, 0.003755602820495404, 0.0001567916034743023, 1.3196868416351105e-05], [0.006287234614977056, 0.002083217541155818, 0.0013048698035053674, 0.003765817278291536, 0.00934831451659947, 0.000309687783287791, 0.21420014713137542, 0.21078881872348168, 5.685079054054889e-07, 1.8836988172912152e-07, 1.1798967976327308e-07, 3.4051487245623213e-07, 8.452986138362969e-07, 2.800276493376151e-08, 1.9368527570630535e-05, 1.9060066492495792e-05, 0.00024396195962359557, 8.083455840059762e-05, 5.0632529850007394e-05, 0.0001461240464301889, 0.00036274026154750627, 1.2016735991114689e-05, 0.008311553623488175, 0.00817918471819444, 0.00021865381953071954, 7.244893823463208e-05, 4.538000949528576e-05, 0.00013096542152121163, 0.00032511029099498704, 1.0770143127245834e-05, 0.007449329185640426, 0.007330691973616753, 0.00011140943408263114, 3.6914494454892706e-05, 2.3122217518930236e-05, 6.673006457141497e-05, 0.00016565159306125132, 5.487649625195866e-06, 0.003795614230058432, 0.0037351656877870646, 0.0001349889596804233, 4.4727354057815686e-05, 2.8015976511197955e-05, 8.085331435416659e-05, 0.00020071133473452648, 6.649096821068423e-06, 0.0045989464041598345, 0.004525704080449996, 3.516040528707421e-05, 1.1650077901291751e-05, 7.29728631866572e-06, 2.1059761540691337e-05, 5.227903001610447e-05, 1.7318819226048677e-06, 0.0011978818108281408, 0.0011788044744896603, 0.00011415815338925686, 3.782525739375868e-05, 2.3692694213562256e-05, 6.837644414716784e-05, 0.0001697385874506408, 5.623042185053819e-06, 0.0038892605015844756, 0.003827320558907327], [0.004503277368852256, 0.2070491936567414, 0.2101780015759765, 0.008057392858340402, 0.003455555562230656, 0.0028270474977808396, 0.003821620783049365, 0.008052596348866941, 4.0719790833437507e-07, 1.8721919987094205e-05, 1.9004834836866666e-05, 7.285701611981221e-07, 3.124602110467299e-07, 2.5562889726059296e-07, 3.4556076871220866e-07, 7.281364484895938e-07, 0.00017473952204944, 0.008034077001462159, 0.00815548333636242, 0.00031264895801650657, 0.00013408504027220602, 0.0001096972023065045, 0.00014828937557858022, 0.0003124628402839646, 0.00015661238325037248, 0.0072006374497235685, 0.007309449327124968, 0.00028021536205104697, 0.0001201753184909759, 9.831742749221388e-05, 0.00013290612362725903, 0.0002800485518107723, 7.979781476355497e-05, 0.0036688997476908756, 0.00372434204322807, 0.00014277653587012099, 6.123224489064348e-05, 5.009511830562269e-05, 6.771889945123436e-05, 0.00014269154199940756, 9.668682089987161e-05, 0.004445413121345085, 0.004512589638832012, 0.0001729948294108335, 7.419189501092266e-05, 6.069762368713069e-05, 8.205143364111616e-05, 0.00017289184680185346, 2.5183895163029842e-05, 0.0011578911889165292, 0.0011753885723040768, 4.5059746582633236e-05, 1.9324669986166376e-05, 1.5809834032755603e-05, 2.1371834171009685e-05, 4.503292283143292e-05, 8.176660489226566e-05, 0.003759419690221706, 0.003816229870888213, 0.00014629915156160958, 6.274298098857672e-05, 5.133107664243855e-05, 6.938967578968158e-05, 0.00014621206070247414], [0.004994483459605704, 0.006381163236942045, 0.00519550641973832, 0.003382839821271466, 0.0002639381365914988, 0.009105672359020777, 0.0008620522936701462, 0.008054818178356156, 4.5161402493855564e-07, 5.770011727004194e-07, 4.697910374093749e-07, 3.058850669469311e-07, 2.3865964351452534e-08, 8.233582866152435e-07, 7.79