{"transition_matrix": [[0.2839506172839506, 0.024691358024691357, 0.037037037037037035, 0.18518518518518517, 0.04938271604938271, 0.1111111111111111, 0.13580246913580246, 0.1728395061728395], [0.10869565217391304, 0.20652173913043478, 0.05434782608695652, 0.11956521739130435, 0.10869565217391304, 0.11956521739130435, 0.14130434782608695, 0.14130434782608695], [0.14285714285714285, 0.12244897959183673, 0.24489795918367346, 0.24489795918367346, 0.04081632653061224, 0.04081632653061224, 0.12244897959183673, 0.04081632653061224], [0.19444444444444445, 0.09722222222222222, 0.027777777777777776, 0.20833333333333334, 0.19444444444444445, 0.125, 0.08333333333333333, 0.06944444444444445], [0.039473684210526314, 0.039473684210526314, 0.17105263157894737, 0.05263157894736842, 0.3157894736842105, 0.05263157894736842, 0.19736842105263158, 0.13157894736842105], [0.03529411764705882, 0.15294117647058825, 0.17647058823529413, 0.17647058823529413, 0.011764705882352941, 0.15294117647058825, 0.16470588235294117, 0.12941176470588237], [0.12280701754385964, 0.21052631578947367, 0.017543859649122806, 0.03508771929824561, 0.15789473684210525, 0.03508771929824561, 0.2807017543859649, 0.14035087719298245], [0.16901408450704225, 0.15492957746478872, 0.056338028169014086, 0.2112676056338028, 0.08450704225352113, 0.028169014084507043, 0.04225352112676056, 0.2535211267605634]], "reference_matrix": [[0.20786008984335205, 0.002794150721013772, 0.004149432773884568, 0.005250119962896673, 0.008541284081138568, 0.21124283089378337, 0.20785607805779552, 0.20589841405506126, 0.002794150721013772, 3.756025631291471e-05, 5.577857964790328e-05, 7.057452198154966e-05, 0.0001148158604746224, 0.0028396230786567845, 0.0027940967927511905, 0.0027677809747946747, 0.004149432773884568, 5.577857964790328e-05, 8.283356539469936e-05, 0.00010480616965616998, 0.0001705064407700603, 0.004216961160843328, 0.004149352688118789, 0.004110272578130761, 0.005250119962896673, 7.057452198154966e-05, 0.00010480616965616998, 0.00013260727273609293, 0.0002157353347482514, 0.005335561070574264, 0.005250018633413687, 0.005200572051969674, 0.008541284081138568, 0.0001148158604746224, 0.0001705064407700603, 0.0002157353347482514, 0.0003509742241028113, 0.008680286004530583, 0.008541119230829225, 0.008460675869165265, 0.21124283089378337, 0.0028396230786567845, 0.004216961160843328, 0.005335561070574264, 0.008680286004530583, 0.21468062309435562, 0.21123875381992788, 0.20924923054882713, 0.20785607805779552, 0.0027940967927511905, 0.004149352688118789, 0.005250018633413687, 0.008541119230829225, 0.21123875381992788, 0.2078520663496681, 0.20589444013065739, 0.20589841405506126, 0.0027677809747946747, 0.004110272578130761, 0.005200572051969674, 0.008460675869165265, 0.20924923054882713, 0.20589444013065739, 0.2039552515460694], [0.004559731369832794, 0.21042766758127726, 0.2097503081011956, 0.0003126108845301462, 0.00022107487854912552, 0.00600274910822331, 0.0045400372951755206, 0.009724056197098563, 6.129400167318794e-05, 0.0028286652793067532, 0.002819559902314556, 4.202258976530493e-06, 2.9717899754666514e-06, 8.069170835751649e-05, 6.1029264883432925e-05, 0.00013071522606758067, 9.102420190596726e-05, 0.004200688362310766, 0.004187166489841306, 6.240533479611213e-06, 4.413234629243239e-06, 0.00011983062213549215, 9.063105650275012e-05, 0.0001941176755467789, 0.00011516947148558631, 0.005314971715574781, 0.005297863003021476, 7.895910401690799e-06, 5.583898448424744e-06, 0.0001516171428054992, 0.00011467203951301839, 0.00024560973489038004, 0.0001873662278928655, 0.008646789716571296, 0.008618955995587195, 1.2845651965416881e-05, 9.08429964749041e-06, 0.0002466619996160667, 0.00018655696871045253, 0.0003995761113303068, 0.00463393700736185, 0.21385219371234046, 0.21316381079952143, 0.0003176983530899294, 0.0002246726787206295, 0.0061004385965667905, 0.004613922428875085, 0.009882306701557673, 0.004559643365134706, 0.21042360624041026, 0.20974625983364625, 0.00031260485101100203, 0.00022107061171269075, 0.0060026332526870695, 0.004539949670581206, 0.009723868518799032, 0.0045166989885995715, 0.2084417603251427, 0.20777079341273985, 0.0003096606250368442, 0.0002189884884346212, 0.005946098273531282, 0.0044971907764109285, 0.009632285594958427], [0.009158699423264102, 0.0010016776482121618, 0.0044289428307744405, 0.0003154794936778457, 0.008062162894795614, 0.007053847272003613, 0.0081875946630898, 0.2124829663214453, 0.00012311544085421877, 1.3465010647713362e-05, 5.953588210831311e-05, 4.240820137186162e-06, 0.00010837529360446449, 9.482105225607979e-05, 0.00011006140499834178, 0.002856293548211415, 0.00018283167096526306, 1.999611404715312e-05, 8.841331950508788e-05, 6.297798444818818e-06, 0.0001609419247786924, 0.00014081329934229395, 0.00016344587198009324, 0.004241717517830732, 0.00023132998120267568, 2.5300324950447703e-05, 0.00011186602097545793, 7.968365590964675e-06, 0.00020363371530335663, 0.00017816572871627112, 0.00020680186476003696, 0.00536688435043222, 0.00037634475019621274, 4.116044286113104e-05, 0.00018199192988550703, 1.2963527434761281e-05, 0.0003312864131096987, 0.0002898532058778195, 0.0003364405933402932, 0.008731245036611863, 0.009307749241009227, 0.0010179790753041078, 0.004501019999291807, 0.00032061364634100283, 0.008193367540189745, 0.007168642463078831, 0.00832084060073949, 0.21594094064078026, 0.009158522656583732, 0.0010016583154199724, 0.004428857350349157, 0.00031547340479336054, 0.008062007291722989, 0.007053711129838826, 0.008187436639132259, 0.21247886531246402, 0.009072264365315316, 0.0009922243337656478, 0.004387144763981523, 0.0003125021617382874, 0.007986076380237211, 0.0069872767176551625, 0.008110324388517004, 0.21047766222111938], [0.0019496537846239884, 0.20674923305992954, 0.2119472028394167, 0.008352858382656142, 0.0027753214774770647, 0.0010627678289593572, 0.0031264763205550066, 0.0026177274289428884, 2.6208140928543802e-05, 0.002779218074324924, 0.0028490915696077718, 0.00011228295576131755, 3.730714497997973e-05, 1.4286212893465672e-05, 4.20275295363087e-05, 3.5188693454864456e-05, 3.89202050174405e-05, 0.004127257157835816, 0.004231022273000156, 0.00016674496943944411, 5.5402698542985306e-05, 2.1215634342492067e-05, 6.241267056634969e-05, 5.2256707841019965e-05, 4.9244259747532414e-05, 0.005222061996699502, 0.005353352062658703, 0.00021097608768994952, 7.009893387104316e-05, 2.6843337741982273e-05, 7.896838568885357e-05, 6.611843111620204e-05, 8.011420974026406e-05, 0.008495637303212985, 0.00870922970839876, 0.0003432315284264154, 0.00011404213850519016, 4.3670730375791165e-05, 0.00012847161976567016, 0.00010756636175053969, 0.0019813826937009863, 0.21011389588839305, 0.2153964580769628, 0.008488793842708835, 0.002820487405660202, 0.001080063445279007, 0.0031773569864909893, 0.0026603286519068475, 0.0019496161555009601, 0.2067452427143676, 0.21194311217089182, 0.008352697169040576, 0.0027752679126266575, 0.0010627473171014562, 0.003126415978271141, 0.0026176769057226863, 0.0019312539627643487, 0.2047980409621728, 0.2099469549971331, 0.008274028434758848, 0.0027491294318987476, 0.0010527379770516865, 0.0030969702575810165, 0.00259302267430927], [0.2136145318899393, 0.008184748055388595, 0.0021032245727693587, 0.002538763389694749, 0.00802138443809025, 0.0025471066144660006, 0.006358638252859394, 0.003224469555742386, 0.0028715045718930876, 0.00011002313959122703, 2.8272509941115765e-05, 3.412722260028325e-05, 0.00010782713087495257, 3.423937605661891e-05, 8.547573356810549e-05, 4.334479957578398e-05, 0.004264306535564953, 0.0001633890462214848, 4.1985880885866785e-05, 5.068037843280377e-05, 0.00016012787978886682, 5.084693109008303e-05, 0.00012693510323975616, 6.436887265407093e-05, 0.005395465378107875, 0.00020672996528222045, 5.31231431886365e-05, 6.412396128257482e-05, 0.0002026037350422767, 6.433469404498001e-05, 0.00016060617338005655, 8.144349402097163e-05, 0.0087777427696987, 0.0003363236219435144, 8.642466466743394e-05, 0.00010432161047615692, 0.00032961076492070093, 0.00010466444614498472, 0.00026128602045633975, 0.00013249830935478755, 0.21709092144859551, 0.008317947666989199, 0.0021374527120237223, 0.0025800795420264674, 0.008151925449789358, 0.0025885585454791774, 0.006462119525570286, 0.0032769449758208434, 0.21361040904127535, 0.008184590086371757, 0.002103183979666712, 0.0025387143905131076, 0.008021229622058675, 0.0025470574542566763, 0.00635851552851572, 0.003224407322148621, 0.21159854866029978, 0.008107504645623808, 0.002083375429411203, 0.0025148038567343023, 0.007945682769469626, 0.0025230683424746878, 0.006298628720887507, 0.003194038683407309], [0.0012835878491310045, 0.006669696380537736, 0.002949454061786752, 0.0002924736459812223, 0.20212729330432633, 0.001780578766239312, 0.2034120187152534, 0.009298491357928828, 1.7254576945659973e-05, 8.965711967442652e-05, 3.964791509302828e-05, 3.931564974362469e-06, 0.002717087838980883, 2.393535693773062e-05, 0.0027343577075542675, 0.00012499458819476749, 2.562378132982673e-05, 0.00013314463961850204, 5.887884181262579e-05, 5.83854136234903e-06, 0.0040349911133283145, 3.55450240336392e-05, 0.0040606376033763105, 0.0001856222847654384, 3.242079898999823e-05, 0.0001684628643252787, 7.449716615201664e-05, 7.387285017265183e-06, 0.005105321268854704, 4.4973771218842394e-05, 0.005137770800324799, 0.00023486083903781049, 5.274455750879291e-05, 0.0002740678673046214, 0.00012119750859808643, 1.2018182511393096e-05, 0.008305714839077296, 7.316666264675723e-05, 0.008358506140713194, 0.00038208901128607955, 0.001304477118025108, 0.006778239852049566, 0.0029974538453848756, 0.0002972333986070179, 0.20541673810822494, 0.0018095561273605515, 0.20672237130086882, 0.009449816167069684, 0.0012835630753555405, 0.006669567652643767, 0.0029493971361055707, 0.0002924680011190965, 0.20212339216411, 0.0017805444003339472, 0.2034080927793062, 0.009298311893206401, 0.001271474012330096, 0.006606751243186878, 0.0029216186431354693, 0.0002897134313076557, 0.20021972067830338, 0.0017637745867669146, 0.20149232151671095, 0.009210737016158713], [0.005316418075571681, 0.006832943097002121, 0.00403449861985573, 0.0006214271804766594, 0.20338414009277558, 0.0006813060576829328, 0.006262289845335095, 0.0025581132621185156, 7.146573163835455e-05, 9.18515569560415e-05, 5.423358200265639e-05, 8.353509351867275e-06, 0.00273398295031657, 9.158428699518346e-06, 8.418057405693894e-05, 3.4387332465650565e-05, 0.00010612965393729239, 0.00013640347240375126, 8.053917811753917e-05, 1.2405317014900739e-05, 0.004060081072924085, 1.3600656513360342e-05, 0.00012501173622786753, 5.106665265632677e-05, 0.0001342818272170409, 0.00017258614188968706, 0.000101903168426159, 1.5695977270893348e-05, 0.005137066643444471, 1.7208395016952306e-05, 0.00015817261002444634, 6.461269941199678e-05, 0.00021845962402777268, 0.00028077592069614165, 0.000165783623316621, 2.5535378572154858e-05, 0.00835736056613679, 2.7995891800374035e-05, 0.0002573269193126304, 0.00010511672587050575, 0.005402938127011304, 0.006944143265956679, 0.004100156554043961, 0.0006315403639879164, 0.20669403897820854, 0.000692393717516855, 0.006364203132034234, 0.0025997443166896096, 0.005316315466507747, 0.0068328112183791215, 0.004034420752366578, 0.0006214151866754975, 0.2033802146948973, 0.0006812929081947177, 0.006262168980555468, 0.0025580638894763474, 0.005266244477421405, 0.006768457321756574, 0.003996423113074086, 0.0006155624728502672, 0.20146470599822183, 0.000674876244250351, 0.00620318959969337, 0.002533971115091709], [0.0010908766358338194, 0.005965706604436215, 0.009770059840525903, 0.00010491658042654204, 0.008246373983896672, 0.009175599478392582, 0.003062743157073057, 0.0015762371751331028, 1.4664064375461591e-05, 8.019376602167479e-05, 0.00013133362815500704, 1.4103368235145487e-06, 0.00011085154360425209, 0.00012334261915120692, 4.117079910369037e-05, 2.1188503491487985e-05, 2.177675987922971e-05, 0.00011909115656826012, 0.00019503602897335233, 2.0944102240784887e-06, 0.00016461926144781895, 0.00018316904040777327, 6.114038940100118e-05, 3.146582972633941e-05, 2.755330860852061e-05, 0.00015068152506014527, 0.0002467716926616188, 2.6499778468842015e-06, 0.00020828650996444455, 0.00023175684196690875, 7.735861656892627e-05, 3.981252132462135e-05, 4.4825763575659284e-05, 0.0002451398673579662, 0.00040146647030963966, 4.311180269959738e-06, 0.00033885592414038194, 0.000377039198909037, 0.00012585272811071503, 6.47699589767775e-05, 0.0011086296983855216, 0.006062793258448844, 0.009929059014021038, 0.00010662400595371856, 0.008380576503550919, 0.009324924329744596, 0.003112586621550372, 0.0016018890556915928, 0.00109085558146434, 0.005965591463835592, 0.00976987127433706, 0.0001049145554932212, 0.008246214825473969, 0.009175422385534171, 0.003062684044865561, 0.0015762067531048163, 0.001080581507576442, 0.005909405357694773, 0.009677855079844064, 0.00010392643212165044, 0.008168548980561052, 0.009089004926483261, 0.0030338385746613425, 0.0015613614656816506], [0.002378680056178905, 0.0011419821405567287, 0.004396074109166795, 0.21687481010999948, 0.008966972440030509, 0.005548095677059014, 0.007789302188916956, 0.006612714077596789, 3.197530896403554e-05, 1.5351048023822873e-05, 5.90940456680036e-05, 0.0029153307279683204, 0.00012053815875622841, 7.458004828146976e-05, 0.00010470737477193754, 8.88911374073763e-05, 4.7484695071250646e-05, 2.2796959843460288e-05, 8.77571735812733e-05, 0.004329390243113117, 0.00017900429732914543, 0.00011075454673566937, 0.00015549490916096876, 0.00013200712334237238, 6.0080584289656325e-05, 2.88441289423416e-05, 0.00011103582441585268, 0.005477813325617351, 0.00022648735045591121, 0.0001401335287218431, 0.00019674181296605264, 0.00016702360811006418, 9.774354525331921e-05, 4.692576571785647e-05, 0.0001806413046219159, 0.008911712510989916, 0.00036846639975841617, 0.00022797960552605555, 0.0003200741558396957, 0.00027172637867453896, 0.0024173909923569017, 0.0011605669004720735, 0.0044676163680055355, 0.22040425784340745, 0.009112902068916155, 0.005638386078706833, 0.007916066265120914, 0.006720330211997142, 0.0023786341466716966, 0.0011419600998299074, 0.00439598926312141, 0.21687062433661974, 0.008966799373760078, 0.005547988596521715, 0.007789151852168615, 0.006612586449484793, 0.002356231306744548, 0.0011312047050351772, 0.004354586240331641, 0.21482805806441166, 0.008882346801972068, 0.005495735625790829, 0.007715790792269365, 0.006550306709685579], [0.008704488653469452, 0.006148952292842977, 0.00238755983182122, 0.22125329795085763, 0.005570749990117415, 0.2108218758843876, 0.005321579085143342, 0.0019235681501293491, 0.00011700973123545363, 8.265703866227782e-05, 3.209467498341961e-05, 0.002974188370946844, 7.488457795435649e-05, 0.0028339644082313845, 7.153510829756163e-05, 2.585748585817302e-05, 0.0001737644322478276, 0.0001227492213065227, 4.7661958691711564e-05, 0.004416796348636327, 0.0001112067862644082, 0.004208557794359488, 0.00010623268122973282, 3.839946730977761e-05, 0.0002198575478382011, 0.00015530993567780698, 6.0304869227668695e-05, 0.005588404956930094, 0.00014070573025087765, 0.005324928609576216, 0.0001344121837438821, 4.85853900698163e-05, 0.0003576805457284265, 0.00025266970862044955, 9.810842860536118e-05, 0.009091631169366156, 0.00022891050536180888, 0.008662988329333113, 0.00021867169768236534, 7.904231173991502e-05, 0.008846146588445306, 0.006249021110064308, 0.002426415278576531, 0.2248540017419785, 0.00566140907088401, 0.21425281741058683, 0.005408183127497012, 0.001954872538334168, 0.008704320653244477, 0.006148833615524908, 0.0023875137509306757, 0.22124902767085478, 0.00557064247234252, 0.2108178069351376, 0.005321476376469792, 0.001923531024469837, 0.008622340201335945, 0.006090921668275676, 0.002365027279666985, 0.21916522400651953, 0.005518176139184944, 0.20883224829461738, 0.005271356780059824, 0.001905414510967162], [0.004559731369832794, 6.129400167318794e-05, 9.102420190596726e-05, 0.00011516947148558631, 0.0001873662278928655, 0.00463393700736185, 0.004559643365134706, 0.0045166989885995715, 0.21042766758127726, 0.0028286652793067532, 0.004200688362310766, 0.005314971715574781, 0.008646789716571296, 0.21385219371234046, 0.21042360624041026, 0.2084417603251427, 0.2097503081011956, 0.002819559902314556, 0.004187166489841306, 0.005297863003021476, 0.008618955995587195, 0.21316381079952143, 0.20974625983364625, 0.20777079341273985, 0.0003126108845301462, 4.202258976530493e-06, 6.240533479611213e-06, 7.895910401690799e-06, 1.2845651965416881e-05, 0.0003176983530899294, 0.00031260485101100203, 0.0003096606250368442, 0.00022107487854912552, 2.9717899754666514e-06, 4.413234629243239e-06, 5.583898448424744e-06, 9.08429964749041e-06, 0.0002246726787206295, 0.00022107061171269075, 0.0002189884884346212, 0.00600274910822331, 8.069170835751649e-05, 0.00011983062213549215, 0.0001516171428054992, 0.0002466619996160667, 0.0061004385965667905, 0.0060026332526870695, 0.005946098273531282, 0.0045400372951755206, 6.1029264883432925e-05, 9.063105650275012e-05, 0.00011467203951301839, 0.00018655696871045253, 0.004613922428875085, 0.004539949670581206, 0.0044971907764109285, 0.009724056197098563, 0.00013071522606758067, 0.0001941176755467789, 0.00024560973489038004, 0.0003995761113303068, 0.009882306701557673, 0.009723868518799032, 0.009632285594958427], [0.00010002473385201514, 0.004616055143987443, 0.0046011962200241665, 6.857601465570009e-06, 4.849618123239076e-06, 0.00013167955154175573, 9.959271397709703e-05, 0.0002133121568327148, 0.004616055143987443, 0.21302696115000605, 0.21234123463264012, 0.0003164723893931413, 0.0002238056910730931, 0.0060768976616480674, 0.004596117799601492, 0.009844171945306023, 0.0046011962200241665, 0.21234123463264012, 0.2116577154455299, 0.0003154536755728366, 0.00022308526819198108, 0.006057336335478763, 0.004581323053269337, 0.00981248389179409, 6.857601465570009e-06, 0.0003164723893931413, 0.0003154536755728366, 4.701506922294151e-07, 3.3248524708480547e-07, 9.027825927278418e-06, 6.827982590184876e-06, 1.4624480395860149e-05, 4.849618123239076e-06, 0.0002238056910730931, 0.00022308526819198108, 3.3248524708480547e-07, 2.35129802755032e-07, 6.384376293984282e-06, 4.828671989874681e-06, 1.0342266975822685e-05, 0.00013167955154175573, 0.0060768976616480674, 0.006057336335478763, 9.027825927278418e-06, 6.384376293984282e-06, 0.00017335216627410775, 0.0001311108103794897, 0.0002808190341370317, 9.959271397709703e-05, 0.004596117799601492, 0.004581323053269337, 6.827982590184876e-06, 4.828671989874681e-06, 0.0001311108103794897, 9.916256005238077e-05, 0.00021239083379825688, 0.0002133121568327148, 0.009844171945306023, 0.00981248389179409, 1.4624480395860149e-05, 1.0342266975822685e-05, 0.0002808190341370317, 0.00021239083379825688, 0.00045490824619382885], [0.0002009101848199864, 2.1973342734795363e-05, 9.715568571098718e-05, 6.920528827568227e-06, 0.0001768559663752943, 0.00015473700943939542, 0.00017960750549516876, 0.00466114128893708, 0.009271831640060714, 0.0010140508037903445, 0.0044836510483231284, 0.00031937643284182663, 0.008161750218094685, 0.007140979444591289, 0.008288731373845325, 0.2151076478292153, 0.009241985930457481, 0.0010107866088623343, 0.004469218328624866, 0.0003183483710047751, 0.008135477822701862, 0.007117992875479631, 0.008262050230445987, 0.2144152236524425, 1.3774212885263509e-05, 1.5064716649437906e-06, 6.66090222950093e-06, 4.7446493285015874e-07, 1.2125078343166066e-05, 1.06086235058564e-05, 1.2313721271513573e-05, 0.00031956345299088073, 9.740967417997172e-06, 1.0653597070547008e-06, 4.710514650274481e-06, 3.355362292113431e-07, 8.574718139270596e-06, 7.502298445735776e-06, 8.708124282617965e-06, 0.00022599165625624708, 0.0002644922112605459, 2.8927244350101885e-05, 0.00012790253601756337, 9.110667905342469e-06, 0.00023282555666918588, 0.00020370661560607106, 0.00023644787510385137, 0.006136252214457959, 0.00020004242752063559, 2.187843700084096e-05, 9.673605762929147e-05, 6.890638160697004e-06, 0.00017609210238356385, 0.000154068680108351, 0.00017883175724700868, 0.00464100921160907, 0.00042845987390495064, 4.686022097812593e-05, 0.00020719364170699586, 1.4758678916512974e-05, 0.0003771619896740978, 0.0003299912327104543, 0.000383029905755118, 0.009940322391821667], [4.276866005765153e-05, 0.004535363014529087, 0.004649388491381485, 0.0001832328198446901, 6.0880953201548915e-05, 2.3313449985550752e-05, 6.858407579164249e-05, 5.74238849045912e-05, 0.0019737367514784466, 0.20930308901437392, 0.21456526636491657, 0.00845603650235922, 0.002809603448809445, 0.0010758955968741867, 0.0031650959083982383, 0.0026500627304217594, 0.001967383360238756, 0.2086293495143174, 0.21387458809556595, 0.008428816809461292, 0.0028005594311990415, 0.0010724323256679927, 0.003154907572693319, 0.002641532268938747, 2.9321790180990105e-06, 0.0003109402130611127, 0.0003187576922691273, 1.256226940595011e-05, 4.173940762670971e-06, 1.5983481548167602e-06, 4.702059586175612e-06, 3.9369274190027215e-06, 2.0736038071253455e-06, 0.00021989339859948402, 0.00022542183139564112, 8.883894709539457e-06, 2.9517636552087003e-06, 1.130333720581821e-06, 3.3252433084884525e-06, 2.7841505017360245e-06, 5.630365370194778e-05, 0.005970668901912043, 0.006120780010215242, 0.0002412204923291982, 8.014794247666043e-05, 3.069145521077162e-05, 9.028887151562586e-05, 7.559681611559347e-05, 4.258393663518426e-05, 0.004515774189977511, 0.00462930717591941, 0.00018244141339088924, 6.061800042202997e-05, 2.321275615354747e-05, 6.828785222069335e-05, 5.717586365406233e-05, 9.120819191821354e-05, 0.009672088386456947, 0.009915258445147124, 0.0003907612297318167, 0.00012983436133574212, 4.971812578863728e-05, 0.00014626199508951655, 0.00012246183789735865], [0.004685963923352245, 0.00017954506076880224, 4.6137471938393566e-05, 5.569168702514357e-05, 0.00017596142809046556, 5.5874708516877317e-05, 0.0001394865283317834, 7.073370840679257e-05, 0.21625319098506077, 0.008285849603614519, 0.0021292045124247758, 0.0025701232932055784, 0.008120468048253707, 0.002578569577097998, 0.006437182902935632, 0.0032642995984128237, 0.2155570793439665, 0.0082591777365352, 0.0021223506757686882, 0.0025618501540426446, 0.008094328538756648, 0.0025702692496354846, 0.0064164618308711, 0.0032537919294155534, 0.0003212652694075741, 1.2309440119936788e-05, 3.163141585065549e-06, 3.818169565226957e-06, 1.2063749641585856e-05, 3.830717346176828e-06, 9.563064896833409e-06, 4.84943637194042e-06, 0.0002271951615602894, 8.705096700688722e-06, 2.23693791981392e-06, 2.7001662919741275e-06, 8.531347175800151e-06, 2.7090399406115475e-06, 6.762891233945426e-06, 3.4294665029651417e-06, 0.0061689304655464326, 0.00023636566850106995, 6.0738593147434876e-05, 7.331642974351166e-05, 0.00023164792394129026, 7.355737202874342e-05, 0.00018362981624145159, 9.311879815318414e-05, 0.004665724633827789, 0.000178769582227562, 4.5938198177911953e-05, 5.545114736324176e-05, 0.00017520142772629039, 5.563337836127539e-05, 0.00013888406781824866, 7.042820029213357e-05, 0.009993258995414159, 0.0003828967365003637, 9.839250024447139e-05, 0.00011876776292713483, 0.0003752543026095307, 0.00011915807347978501, 0.000297468146744395, 0.0001508462889124226], [2.8157477397559366e-05, 0.00014631006768310998, 6.47008197655695e-05, 6.4158601078012695e-06, 0.00443397364387605, 3.905973899558204e-05, 0.004462156075444516, 0.00020397673631729758, 0.001299443281448886, 0.006752083355152704, 0.0029858869941201496, 0.00029608640696346345, 0.20462405705972728, 0.001802573245334668, 0.20592465195462759, 0.009413350345168275, 0.0012952604178756925, 0.006730348629279987, 0.00297627552579392, 0.00029513331492482954, 0.2039653792038382, 0.0017967708235794707, 0.20526178752816093, 0.009383049091683313, 1.9304501080096336e-06, 1.003088032261861e-05, 4.435827213540859e-06, 4.3986532114390375e-07, 0.00030398905338282594, 2.677898886261211e-06, 0.00030592121432527016, 1.3984452765264783e-05, 1.3651924622356541e-06, 7.093725007037857e-06, 3.1369667885120738e-06, 3.1106777550633593e-07, 0.00021497761716736107, 1.8937797765322068e-06, 0.00021634401951234092, 9.889646681060331e-06, 3.70684715016919e-05, 0.00019261280042054025, 8.517668183670468e-05, 8.446286725439673e-06, 0.0058371928470949885, 5.142097075595119e-05, 0.0058742941700116015, 0.0002685292340087699, 2.803586157920287e-05, 0.00014567813541290533, 6.442136848401371e-05, 6.388149170970732e-06, 0.004414822733243769, 3.8891034887054526e-05, 0.0044428834412135595, 0.00020309573418196192, 6.004847004669935e-05, 0.00031201998647653395, 0.00013798058621637937, 1.368242538447395e-05, 0.009455866013239653, 8.329856875997719e-05, 0.009515967700403891, 0.0004349995835221521], [0.00011662382274826864, 0.00014989113596151698, 8.850294413115615e-05, 1.3631962783339448e-05, 0.004461544514901289, 1.494549822438334e-05, 0.00013737297754599733, 5.6116156293676083e-05, 0.005382088771214256, 0.006917346565669887, 0.004084334491897536, 0.0006291033178031464, 0.20589642896334626, 0.0006897218448007899, 0.006339644358206878, 0.0025897121836231524, 0.0053647640111495415, 0.006895079863162922, 0.004071187158565798, 0.0006270782556943332, 0.20523365538572527, 0.0006875016537224719, 0.006319237259388853, 0.00258137598849053, 7.995619353330492e-06, 1.0276394988127666e-05, 6.067678423208819e-06, 9.345945183911235e-07, 0.000305879286310908, 1.0246492700379262e-06, 9.418161847277619e-06, 3.8472707781557965e-06, 5.654411490243927e-06, 7.267350199074989e-06, 4.290993490204856e-06, 6.609346630925496e-07, 0.0002163143684952407, 7.246203639695729e-07, 6.660417437711198e-06, 2.720746340309761e-06, 0.00015353175246932024, 0.00019732716902499657, 0.00011651146216052558, 1.7946068705364305e-05, 0.005873489068963376, 1.9675298578315152e-05, 0.00018084739024624934, 7.387523075973145e-05, 0.00011612010924285984, 0.00014924373659022511, 8.812068836919635e-05, 1.3573084557627195e-05, 0.0044422745220801035, 1.4880946667734964e-05, 0.00013677964573404413, 5.5873783293626445e-05, 0.00024871127580619124, 0.000319656951543218, 0.00018874085610258123, 2.9071443343998984e-05, 0.009514663490000266, 3.187268127000862e-05, 0.00029296080081775124, 0.00011967298358299615], [2.3930059978217684e-05, 0.000130866967141054, 0.000214321317639969, 2.301506861403819e-06, 0.0001808969204722456, 0.0002012809135711349, 6.718599064193272e-05, 3.457719131733024e-05, 0.0011043516158893965, 0.006039397592831762, 0.009890743845635477, 0.00010621255540877861, 0.008348236762247318, 0.009288940451980122, 0.0031005754853137015, 0.0015957075385088324, 0.0011007967457291917, 0.006019956978104106, 0.009858905878765874, 0.00010587066081793519, 0.008321364073033622, 0.009259039669695242, 0.0030905948386486196, 0.0015905710104036144, 1.6406223546727057e-06, 8.972115906740941e-06, 1.4693667509530062e-05, 1.5778914092521019e-07, 1.2402122346887711e-05, 1.3799629698978464e-05, 4.606208186202622e-06, 2.370579642869416e-06, 1.1602295561441728e-06, 6.344978798139557e-06, 1.0391195319359827e-05, 1.1158669417042574e-07, 8.770640522355821e-06, 9.75894190091892e-06, 3.257458283537573e-06, 1.6764470866907612e-06, 3.1503203707205245e-05, 0.00017228242336799282, 0.00028214756396575735, 3.0298645115947295e-06, 0.00023814535111197455, 0.00026498026450312784, 8.844833449601887e-05, 4.5519831654596375e-05, 2.3826702927211997e-05, 0.00013030173563682588, 0.00021339563590832755, 2.291566353010586e-06, 0.00018011560307258008, 0.0002004115550459419, 6.689580558314194e-05, 3.442784791702654e-05, 5.103310461832339e-05, 0.00027908612144187024, 0.0004570603765729501, 4.908179943749482e-06, 0.00038577970452208693, 0.0004292504878507411, 0.00014328044695401636, 7.373911404782546e-05], [5.2180012426283843e-05, 2.5051137974632494e-05, 9.643465965392337e-05, 0.0047574831499897115, 0.00019670435800372526, 0.00012170602793727598, 0.0001708703463309305, 0.0001450600730620119, 0.002408062541111411, 0.001156088397911911, 0.0044503763180490895, 0.21955374157190177, 0.009077736362200283, 0.0056166281546454104, 0.00788551901875335, 0.006694397182158601, 0.002400311069978361, 0.001152366988816144, 0.004436050708571918, 0.21884700557111575, 0.009048515438672043, 0.005598548420310223, 0.00786013580216348, 0.0066728481461079325, 3.577412464974395e-06, 1.7174824053338416e-06, 6.611469362696703e-06, 0.00032616856016894855, 1.3485865363321615e-05, 8.344050550398477e-06, 1.1714709875209903e-05, 9.945181869691167e-06, 2.5299055962271692e-06, 1.2145841138580828e-06, 4.675556286487804e-06, 0.00023066271327779007, 9.537051314790925e-06, 5.900818088306904e-06, 8.284510204412041e-06, 7.033120031298584e-06, 6.869341582954755e-05, 3.297906914694376e-05, 0.00012695332691509728, 0.006263083374807537, 0.00025895536684517436, 0.0001602223226349132, 0.00022494566803776722, 0.00019096722012457742, 5.195464014511405e-05, 2.494293884150239e-05, 9.601814577783451e-05, 0.004736934959594879, 0.00019585476621909381, 0.000121180363724622, 0.00017013233501306666, 0.00014443353968165239, 0.00011127878641172933, 5.342390893425134e-05, 0.00020565598579488497, 0.01014578047586735, 0.000419490552469226, 0.00025954955658519805, 0.0003643970917086267, 0.0003093542553279741], [0.00019094637167476274, 0.00013488674368615513, 5.237480398816498e-05, 0.00485353202774897, 0.0001222029852030611, 0.004624702710565978, 0.00011673703744600907, 4.21964314687154e-05, 0.00881201026237241, 0.006224906811243147, 0.0024170520035833344, 0.2239863143884493, 0.005639562303577646, 0.213426038884588, 0.005387313531808499, 0.0019473288959434023, 0.008783644702090329, 0.0062048690486728245, 0.002409271595677396, 0.22326531008704978, 0.005621408744999785, 0.21273902774961492, 0.005369971953417752, 0.0019410605106893826, 1.3091103248316698e-05, 9.24770799747055e-06, 3.590767190838631e-06, 0.0003327535806886005, 8.378121472088864e-06, 0.0003170652584062228, 8.003381246286862e-06, 2.8929475654471584e-06, 9.257880016063826e-06, 6.539874404793561e-06, 2.5393499071728043e-06, 0.0002353195652418974, 5.924912658417857e-06, 0.0002242249613274207, 5.6599006130722005e-06, 2.0458597679395387e-06, 0.0002513751511486937, 0.00017757433820117906, 6.894985305786925e-05, 0.006389528831469685, 0.00016087655191775058, 0.006088281922771659, 0.00015368079621132558, 5.5550331987720966e-05, 0.0001901216493842836, 0.00013430415024260126, 5.2148590376826564e-05, 0.004832568989720381, 0.00012167517456714224, 0.004604728016211797, 0.00011623283495155052, 4.2014179576177734e-05, 0.0004072111048211927, 0.00028765867316782323, 0.00011169419774648133, 0.01035061374547146, 0.0002606093647160065, 0.00986261369473323, 0.00024895271680213434, 8.998786060808082e-05], [0.009158699423264102, 0.00012311544085421877, 0.00018283167096526306, 0.00023132998120267568, 0.00037634475019621274, 0.009307749241009227, 0.009158522656583732, 0.009072264365315316, 0.0010016776482121618, 1.3465010647713362e-05, 1.999611404715312e-05, 2.5300324950447703e-05, 4.116044286113104e-05, 0.0010179790753041078, 0.0010016583154199724, 0.0009922243337656478, 0.0044289428307744405, 5.953588210831311e-05, 8.841331950508788e-05, 0.00011186602097545793, 0.00018199192988550703, 0.004501019999291807, 0.004428857350349157, 0.004387144763981523, 0.0003154794936778457, 4.240820137186162e-06, 6.297798444818818e-06, 7.968365590964675e-06, 1.2963527434761281e-05, 0.00032061364634100283, 0.00031547340479336054, 0.0003125021617382874, 0.008062162894795614, 0.00010837529360446449, 0.0001609419247786924, 0.00020363371530335663, 0.0003312864131096987, 0.008193367540189745, 0.008062007291722989, 0.007986076380237211, 0.007053847272003613, 9.482105225607979e-05, 0.00014081329934229395, 0.00017816572871627112, 0.0002898532058778195, 0.007168642463078831, 0.007053711129838826, 0.0069872767176551625, 0.0081875946630898, 0.00011006140499834178, 0.00016344587198009324, 0.00020680186476003696, 0.0003364405933402932, 0.00832084060073949, 0.008187436639132259, 0.008110324388517004, 0.2124829663214453, 0.002856293548211415, 0.004241717517830732, 0.00536688435043222, 0.008731245036611863, 0.21594094064078026, 0.21247886531246402, 0.21047766222111938], [0.0002009101848199864, 0.009271831640060714, 0.009241985930457481, 1.3774212885263509e-05, 9.740967417997172e-06, 0.0002644922112605459, 0.00020004242752063559, 0.00042845987390495064, 2.1973342734795363e-05, 0.0010140508037903445, 0.0010107866088623343, 1.5064716649437906e-06, 1.0653597070547008e-06, 2.8927244350101885e-05, 2.187843700084096e-05, 4.686022097812593e-05, 9.715568571098718e-05, 0.0044836510483231284, 0.004469218328624866, 6.66090222950093e-06, 4.710514650274481e-06, 0.00012790253601756337, 9.673605762929147e-05, 0.00020719364170699586, 6.920528827568227e-06, 0.00031937643284182663, 0.0003183483710047751, 4.7446493285015874e-07, 3.355362292113431e-07, 9.110667905342469e-06, 6.890638160697004e-06, 1.4758678916512974e-05, 0.0001768559663752943, 0.008161750218094685, 0.008135477822701862, 1.2125078343166066e-05, 8.574718139270596e-06, 0.00023282555666918588, 0.00017609210238356385, 0.0003771619896740978, 0.00015473700943939542, 0.007140979444591289, 0.007117992875479631, 1.06086235058564e-05, 7.502298445735776e-06, 0.00020370661560607106, 0.000154068680108351, 0.0003299912327104543, 0.00017960750549516876, 0.008288731373845325, 0.008262050230445987, 1.2313721271513573e-05, 8.708124282617965e-06, 0.00023644787510385137, 0.00017883175724700868, 0.000383029905755118, 0.00466114128893708, 0.2151076478292153, 0.2144152236524425, 0.00031956345299088073, 0.00022599165625624708, 0.006136252214457959, 0.00464100921160907, 0.009940322391821667], [0.0004035492103795074, 4.413576702430488e-05, 0.00019514740025587877, 1.3900609101903293e-05, 0.0003552337859108618, 0.00031080553746791695, 0.0003607605412625059, 0.009362391898167012, 4.413576702430488e-05, 4.827083985598197e-06, 2.1343072843563205e-05, 1.5202954907050177e-06, 3.885155815167905e-05, 3.399248577056425e-05, 3.9456013767813444e-05, 0.001023955287185769, 0.00019514740025587877, 2.1343072843563205e-05, 9.436893158783396e-05, 6.722024621628117e-06, 0.00017178313826550455, 0.00015029862792930674, 0.00017445575392422265, 0.004527443969933174, 1.3900609101903293e-05, 1.5202954907050177e-06, 6.722024621628117e-06, 4.788187622079633e-07, 1.2236341617648836e-05, 1.0705971346060809e-05, 1.2426715588825258e-05, 0.00032249586094557455, 0.0003552337859108618, 3.885155815167905e-05, 0.00017178313826550455, 1.2236341617648836e-05, 0.0003127029849318524, 0.00027359396305832794, 0.0003175680427163077, 0.008241468038159089, 0.00031080553746791695, 3.399248577056425e-05, 0.00015029862792930674, 1.0705971346060809e-05, 0.00027359396305832794, 0.0002393762139439591, 0.0002778505595856908, 0.007210727145664702, 0.0003607605412625059, 3.9456013767813444e-05, 0.00017445575392422265, 1.2426715588825258e-05, 0.0003175680427163077, 0.0002778505595856908, 0.0003225087914547565, 0.00836968945006254, 0.009362391898167012, 0.001023955287185769, 0.004527443969933174, 0.00032249586094557455, 0.008241468038159089, 0.007210727145664702, 0.00836968945006254, 0.21720865708653234], [8.590534626564096e-05, 0.009109753021916309, 0.009338785169729826, 0.0003680423659466933, 0.00012228578961116337, 4.682751320606635e-05, 0.0001377583204909397, 0.00011534190479658662, 9.395380418058436e-06, 0.0009963244300395064, 0.0010213734432874006, 4.0252419533224025e-05, 1.337427253440995e-05, 5.121477529956919e-06, 1.5066487512464206e-05, 1.2614826909100578e-05, 4.154191003386039e-05, 0.004405273442434119, 0.004516028282417068, 0.00017797708197960874, 5.9134681265796136e-05, 2.2644741279552578e-05, 6.661685221027057e-05, 5.577677339635296e-05, 2.9590855526128473e-06, 0.00031379349163749806, 0.0003216827063271539, 1.2677544473828622e-05, 4.212242067092119e-06, 1.6130150661912866e-06, 4.74520706378889e-06, 3.973053819479641e-06, 7.562022325661031e-05, 0.00801907666141868, 0.008220687654255411, 0.000323978042003558, 0.00010764497337467378, 4.122103171838235e-05, 0.00012126503650619805, 0.00010153245369140815, 6.616258099563833e-05, 0.007016149731810895, 0.007192545715169821, 0.0002834588754403733, 9.418207144809787e-05, 3.6065614888975404e-05, 0.00010609870553481898, 8.883403012773396e-05, 7.67967286740338e-05, 0.008143838090684478, 0.008348585763301691, 0.0003290185180181554, 0.00010931972238862411, 4.186235179176925e-05, 0.00012315168754013466, 0.00010311210364042889, 0.0019930147233600207, 0.2113474037193229, 0.21666097804918594, 0.008538628688880515, 0.0028370455361313484, 0.0010864041335615204, 0.0031960101779323494, 0.0026759465443413257], [0.009412250766828919, 0.0003606351144702298, 9.267195879754736e-05, 0.00011186260340079888, 0.0003534370118009762, 0.00011223022129203626, 0.0002801733442100259, 0.00014207608340189966, 0.0010294083009812559, 3.944229596700967e-05, 1.0135437953968632e-05, 1.2234299251352436e-05, 3.865504679328825e-05, 1.2274505246518083e-05, 3.064227392452364e-05, 1.5538716854023566e-05, 0.004551554607121437, 0.0001743951003241026, 4.481409298002095e-05, 5.409426081887548e-05, 0.00017091425836839982, 5.4272032634350115e-05, 0.0001354855822717736, 6.870482608141926e-05, 0.00032421329372875487, 1.2422395152146182e-05, 3.1921674998222463e-06, 3.853206208812608e-06, 1.2174450145918655e-05, 3.8658691318800355e-06, 9.650818384637685e-06, 4.8939362221572256e-06, 0.008285357492581127, 0.00031745763280066695, 8.157669479880579e-05, 9.846971592520539e-05, 0.0003111213318073647, 9.879332031325513e-05, 0.00024662924673161154, 0.00012506584995366677, 0.007249127449948367, 0.00027775395837675864, 7.137409074642808e-05, 8.61543417216689e-05, 0.00027221012354491084, 8.643747367517069e-05, 0.00021578391083825743, 0.00010942416024438939, 0.008414261740089548, 0.0003223966637729112, 8.284587147183167e-05, 0.00010000171555769827, 0.0003159617821073495, 0.00010033035460842484, 0.0002504663240685851, 0.00012701163434398596, 0.21836538904388894, 0.008366779532873717, 0.0021500009761324605, 0.0025952263189973823, 0.008199782655220514, 0.0026037550998201852, 0.006500056450234372, 0.0032961828147658138], [5.655725109329317e-05, 0.00029387913976085164, 0.00012995839285448208, 1.2886928966435455e-05, 0.008906101820736199, 7.84555887170173e-05, 0.008962709194903013, 0.0004097087011810156, 6.1856090746435e-06, 3.214126285513044e-05, 1.421341735369625e-05, 1.4094303244614753e-06, 0.0009740513051310166, 8.580608005929572e-06, 0.0009802423961152726, 4.480942427356094e-05, 2.7349825579129886e-05, 0.0001421133994038327, 6.284498111923999e-05, 6.231831510008486e-06, 0.004306792262327457, 3.7939373389609925e-05, 0.004334166326307355, 0.0001981259926701321, 1.948164484293547e-06, 1.0122926621953934e-05, 4.4765316648318074e-06, 4.439016543185648e-07, 0.00030677854607961784, 2.7024720717191936e-06, 0.0003087284370974644, 1.4112778204695032e-05, 4.978586479623553e-05, 0.0002586940990896706, 0.00011439896477848021, 1.1344025580439309e-05, 0.007839807850230892, 6.90623970732141e-05, 0.007889637837054158, 0.0003606558241169215, 4.355926457451832e-05, 0.00022633984068035453, 0.00010009135713986057, 9.925255162702788e-06, 0.006859301646346309, 6.0424926604670335e-05, 0.006902899514710415, 0.00031554945419443243, 5.056043722040204e-05, 0.0002627188823543495, 0.00011617879292514939, 1.1520516828097864e-05, 0.007961780201146287, 7.013687531194088e-05, 0.008012385446847708, 0.0003662669359680334, 0.0013121352633065008, 0.006818032612552493, 0.0030150508861493614, 0.00029897835566112147, 0.2066226705097409, 0.0018201794211896846, 0.20793596863459038, 0.00950529285124444], [0.00023425119848290342, 0.0003010720915634746, 0.0001777674598845762, 2.738122918989129e-05, 0.008961480811311909, 3.00196031006699e-05, 0.00027592805544348, 0.00011271519451408735, 2.5619815515641118e-05, 3.292794868380316e-05, 1.9442246427863512e-05, 2.994657209780298e-06, 0.0009801080490502829, 3.283213483102255e-06, 3.0177971006485554e-05, 1.232754627495014e-05, 0.0001132786565181787, 0.0001455917505152812, 8.596437994251592e-05, 1.3240951920566583e-05, 0.004333572307391804, 1.4516810716343148e-05, 0.00013343265528091707, 5.4506554871149905e-05, 8.068989501183662e-06, 1.03706942020293