{"transition_matrix": [[0.46288209606986896, 0.026200873362445417, 0.19650655021834063, 0.18340611353711792, 0.052401746724890834, 0.052401746724890834, 0.013100436681222708, 0.013100436681222708], [0.07317073170731708, 0.3597560975609756, 0.027439024390243903, 0.13719512195121952, 0.13719512195121952, 0.10060975609756098, 0.10975609756097561, 0.054878048780487805], [0.01016949152542373, 0.09152542372881356, 0.3796610169491525, 0.1016949152542373, 0.15254237288135594, 0.0711864406779661, 0.12203389830508475, 0.0711864406779661], [0.027439024390243903, 0.06402439024390244, 0.13719512195121952, 0.4329268292682927, 0.09146341463414634, 0.03658536585365854, 0.10975609756097561, 0.10060975609756098], [0.04528301886792453, 0.11320754716981132, 0.09056603773584906, 0.11320754716981132, 0.4566037735849056, 0.09056603773584906, 0.07924528301886793, 0.011320754716981133], [0.030201342281879196, 0.06040268456375839, 0.07046979865771813, 0.12080536912751678, 0.07046979865771813, 0.4060402684563758, 0.14093959731543626, 0.10067114093959732], [0.11450381679389314, 0.05725190839694657, 0.04580152671755725, 0.10305343511450382, 0.022900763358778626, 0.14885496183206107, 0.4618320610687023, 0.04580152671755725], [0.06642066420664207, 0.09963099630996311, 0.055350553505535055, 0.011070110701107012, 0.07749077490774908, 0.12177121771217712, 0.033210332103321034, 0.5350553505535055]], "reference_matrix": [[5.4444300774991714e-05, 0.003311301059167089, 0.0034433968523496037, 0.0001550110977332669, 1.8368106489735264e-05, 9.790576659422727e-05, 6.735175476987185e-06, 1.5201708236378609e-05, 0.003311301059167089, 0.20139325050304596, 0.20942731345638443, 0.009427771223073403, 0.001117147793406729, 0.005954626361386673, 0.0004096332099625034, 0.000924567528055965, 0.0034433968523496037, 0.20942731345638443, 0.2177818745762552, 0.009803867777087258, 0.001161713515832849, 0.006192170782222494, 0.0004259744676183407, 0.0009614507587822191, 0.0001550110977332669, 0.009427771223073403, 0.009803867777087258, 0.0004413398662199291, 5.229675668023749e-05, 0.000278752415554197, 1.9176055698258194e-05, 4.32815454987768e-05, 1.8368106489735264e-05, 0.001117147793406729, 0.001161713515832849, 5.229675668023749e-05, 6.196926606011795e-06, 3.303088700127044e-05, 2.2722749420482925e-06, 5.128665291628597e-06, 9.790576659422727e-05, 0.005954626361386673, 0.006192170782222494, 0.000278752415554197, 3.303088700127044e-05, 0.00017606138743554774, 1.2111690458589986e-05, 2.733683557761979e-05, 6.735175476987185e-06, 0.0004096332099625034, 0.0004259744676183407, 1.9176055698258194e-05, 2.2722749420482925e-06, 1.2111690458589986e-05, 8.331926034514574e-07, 1.8805673149355804e-06, 1.5201708236378609e-05, 0.000924567528055965, 0.0009614507587822191, 4.32815454987768e-05, 5.128665291628597e-06, 2.733683557761979e-05, 1.8805673149355804e-06, 4.244556914396636e-06], [5.6694892308672124e-05, 1.7511690215065063e-05, 6.565184570797923e-05, 0.003381856265962012, 5.9612767526683e-05, 0.00012166367271685408, 0.00014703461448285188, 0.00015265407361116586, 0.003448181981929377, 0.0010650605762501817, 0.003992943671506616, 0.20568441647752195, 0.0036256470822683077, 0.007399581638387536, 0.00894264170428895, 0.009284417072852035, 0.0035857382855700943, 0.0011075484138382814, 0.00415223183407358, 0.21388966440104212, 0.003770282897186499, 0.007694768813542017, 0.009299385270629673, 0.00965479488373709, 0.00016141886969872567, 4.985841097713239e-05, 0.0001869206606852685, 0.00962865248888814, 0.00016972649848914483, 0.00034639474093059165, 0.00041862962093993473, 0.00043462906469709096, 1.9127398176231253e-05, 5.907993786437218e-06, 2.2149243833539068e-05, 0.0011409513051309484, 2.0111814211799146e-05, 4.104619334962549e-05, 4.960569642835321e-05, 5.1501557376410394e-05, 0.00010195294667109347, 3.149081594329346e-05, 0.0001180600024404779, 0.006081503950227784, 0.00010720008559985487, 0.00021878461059204565, 0.00026440851369043, 0.0002745138405285189, 7.013590824242814e-06, 2.1663297134542104e-06, 8.121634311344414e-06, 0.00041836142745845114, 7.374554255373563e-06, 1.5050724745447427e-05, 1.8189303850662216e-05, 1.888447382761483e-05, 1.583010892051392e-05, 4.889540348317674e-06, 1.833103170444009e-05, 0.0009442676555805422, 1.6644825743082345e-05, 3.397041801035332e-05, 4.1054385458163926e-05, 4.2623427155805175e-05], [0.00010802287699740387, 0.00012292963538792375, 0.00013954658813939344, 2.7153651197169886e-05, 0.00014392079681202691, 0.00010762949174041542, 9.162804639838974e-05, 9.988004654298194e-05, 0.006569948771939831, 0.007476577457489037, 0.008487220122797092, 0.00165148441048109, 0.008753259388698774, 0.006546023090103819, 0.00557281557058339, 0.0060747020202223286, 0.006832039889204831, 0.007774836181745885, 0.008825795822802301, 0.0017173661105237708, 0.009102448037275869, 0.0068071597541605215, 0.005795128637230747, 0.006317036548968118, 0.00030755734769881963, 0.0003499991267072199, 0.00039731008580342546, 7.73105213883644e-05, 0.00040976411457057873, 0.00030643732081538365, 0.0002608788037166461, 0.00028437348695621627, 3.644413978638685e-05, 4.14732965876731e-05, 4.70794289712135e-05, 9.160943380208557e-06, 4.8555174449869025e-05, 3.6311421720602184e-05, 3.0912945702943187e-05, 3.369695826718946e-05, 0.0001942547232970016, 0.0002210611582568415, 0.0002509429911472363, 4.882970298908351e-05, 0.0002588090165574481, 0.00019354730884582705, 0.00016477232688212696, 0.0001796116835933271, 1.336325422037029e-05, 1.5207333988574785e-05, 1.7262977849931187e-05, 3.359113865924567e-06, 1.7804100842857533e-05, 1.331458946210979e-05, 1.1335088564313964e-05, 1.235592395422279e-05, 3.0161692511313137e-05, 3.432389477265546e-05, 3.896361029677442e-05, 7.58172806291922e-06, 4.018495840961408e-05, 3.00518531375659e-05, 2.5583996998589327e-05, 2.788808570537764e-05], [5.290768107279061e-05, 0.003319895723133491, 0.0001184488855696624, 0.0033056137621475905, 0.0033375095034910754, 0.003370996726857021, 0.00015876439823624141, 8.900912012370986e-05, 0.003217843885964256, 0.20191597775805745, 0.007204058361681551, 0.20104734923557824, 0.20298724745431182, 0.20502393957124235, 0.009656046869081527, 0.0054135325377629665, 0.0033462114468893484, 0.20997089356353318, 0.0074914456413083755, 0.2090676133523046, 0.21108489879416228, 0.21320283947648971, 0.010041249889703186, 0.005629491419700154, 0.00015063611075673898, 0.009452241521655922, 0.0003372417593040211, 0.00941157863465591, 0.009502390598595045, 0.009597733750772669, 0.00045202607621449556, 0.0002534223274474698, 1.7849690532096227e-05, 0.0011200474119293508, 3.9961606867277404e-05, 0.001115229045699331, 0.0011259898483035825, 0.0011372875760009833, 5.3563023715450836e-05, 3.0029387350327113e-05, 9.51425034470055e-05, 0.0059700819215145915, 0.00021300354268222237, 0.005944399043437559, 0.006001756323499451, 0.006061975524188699, 0.0002855018779914299, 0.00016006278004386404, 6.545083893691949e-06, 0.0004106964354820796, 1.4653031042905753e-05, 0.000408929647920732, 0.00041287539452522585, 0.0004170180196006922, 1.964036761237151e-05, 1.1011107398789223e-05, 1.4772659758381406e-05, 0.0009269672939111078, 3.307279869009353e-05, 0.0009229795449482132, 0.0009318853394388162, 0.0009412355008332918, 4.4329526248965434e-05, 2.4852751440219394e-05], [5.3031275309539734e-05, 4.254658941063116e-05, 1.2995505447913386e-05, 4.652555778987166e-05, 2.7332956180340626e-05, 2.2728577222698973e-05, 6.206601307610439e-05, 4.283573426000153e-05, 0.0032253608844604936, 0.002587682541128046, 0.000790386327706379, 0.0028296833019243613, 0.0016623897352301578, 0.001382351518149248, 0.0037748534173770764, 0.0026052683238884816, 0.0033540283166026605, 0.002690911444712196, 0.0008219167464189715, 0.0029425662000795165, 0.00172870647500402, 0.0014374968573933062, 0.0039254414332071975, 0.0027091987668014235, 0.00015098800210329452, 0.00012113652734021228, 3.700015495478665e-05, 0.00013246524765679938, 7.782102959353375e-05, 6.471167147074874e-05, 0.00017671125686076377, 0.00012195976613411392, 1.789138804808615e-05, 1.4354124746671148e-05, 4.384349225857867e-06, 1.5696526317980335e-05, 9.22143626886979e-06, 7.668037257234289e-06, 2.0939476149886515e-05, 1.4451674780533151e-05, 9.536475974056248e-05, 7.651042244868116e-05, 2.3369478623956307e-05, 8.366569754411727e-05, 4.9152142465421865e-05, 4.087220783275408e-05, 0.00011161169310956697, 7.703038409262576e-05, 6.5603734439405575e-06, 5.263337788324625e-06, 1.607643194199015e-06, 5.755566540831221e-06, 3.3812952606410526e-06, 2.8116984470015887e-06, 7.678039450853942e-06, 5.299107212691464e-06, 1.4807169220345531e-05, 1.1879679405681722e-05, 3.6285502686479864e-06, 1.2990670189326321e-05, 7.631792844736428e-06, 6.3461775548447705e-06, 1.7329810627517276e-05, 1.1960413212078572e-05], [0.00015221839141189218, 0.00011138222740219434, 0.003353958812902348, 0.00012822815999172455, 6.0596141969903675e-05, 6.103273217609029e-05, 0.0033617739921806625, 0.003405599434278246, 0.009257918892007036, 0.0067742643824840595, 0.203987694055715, 0.0077988335960167176, 0.0036854558921720648, 0.003712009297975594, 0.20446301307080925, 0.20712847540149368, 0.009627239626487963, 0.007044506142699417, 0.21212525562571, 0.0081099478956097, 0.003832477624903941, 0.003860090310168515, 0.21261953626380128, 0.21539133032164628, 0.00043338861206915897, 0.0003171219226222698, 0.009549224251934326, 0.0003650848216929318, 0.00017252631315765272, 0.00017376935101757996, 0.009571475240590063, 0.009696252853517228, 5.1354569410396936e-05, 3.757749819292681e-05, 0.0011315394221368027, 4.326088248327156e-05, 2.0443579451415528e-05, 2.0590873755602733e-05, 0.0011341760625780807, 0.0011489616393225597, 0.00027373036458881245, 0.0002002957555438647, 0.0060313366877420204, 0.00023058935690700721, 0.00010896846222224167, 0.00010975357100710585, 0.006045390520878329, 0.006124200670771295, 1.8830576614820505e-05, 1.3778831501056842e-05, 0.00041491029962609303, 1.586280191575449e-05, 7.496205178250657e-06, 7.550214718429223e-06, 0.00041587709694140986, 0.0004212986385661918, 4.250177780807061e-05, 3.109967617517612e-05, 0.0009364782462959274, 3.580332648476684e-05, 1.69193994112195e-05, 1.7041302288817992e-05, 0.0009386603677211786, 0.0009508971229850792], [0.0001223610415450565, 7.407868716940295e-05, 8.21546594200739e-05, 0.00012482086372842156, 0.003371509595005906, 0.0033973908209288875, 0.0032874116609807468, 2.174743589547147e-05, 0.00744199559368839, 0.004505463965815599, 0.004996644403194534, 0.007591601919514892, 0.20505513219967988, 0.20662922773569375, 0.19994029788190337, 0.001322678526306301, 0.0077388747639128945, 0.004685197800216435, 0.005195972611018977, 0.00789444924724669, 0.2132352764541789, 0.21487216646120566, 0.20791639904755868, 0.0013754433658470038, 0.0003483802546766746, 0.00021091314340183432, 0.0002339066488013, 0.00035538373771244546, 0.00959919396338665, 0.009672881698997113, 0.009359754520051422, 6.191821481871896e-05, 4.1281467652292765e-05, 2.499224336025254e-05, 2.771686864144651e-05, 4.2111348377487364e-05, 0.0011374606045207699, 0.0011461922643468904, 0.001109088125018739, 7.337025413506596e-06, 0.00022003867077377613, 0.00013321377173321677, 0.0001477365820722346, 0.00022446210487284102, 0.006062897801609174, 0.006109439335402768, 0.0059116666794803, 3.910784696463527e-05, 1.513699459120292e-05, 9.164098906380782e-06, 1.0163158302521154e-05, 1.544129336648923e-05, 0.0004170814653044688, 0.0004202831704539433, 0.0004066779091039323, 2.6903237776140316e-06, 3.416513439588082e-05, 2.0683938866940083e-05, 2.2938877806961914e-05, 3.4851955580331845e-05, 0.0009413787017166185, 0.0009486051485564259, 0.0009178972309633028, 6.072227407944972e-06], [0.0033397779570734287, 0.00013814668755964278, 7.956857691123457e-05, 5.524679713371085e-05, 0.00010245601281639506, 0.00010120146948485961, 0.00013895130244593478, 0.0033944482369324567, 0.2031252147464433, 0.008402078203322094, 0.0048393589274198755, 0.003360108868336805, 0.006231372226802511, 0.006155070931655885, 0.008451014861287662, 0.20645025984804766, 0.21122836993464877, 0.008737257386615238, 0.005032412637907079, 0.0034941517228558074, 0.00647995670831203, 0.006400611570300272, 0.00878814624600682, 0.21468605911246846, 0.009508849226494608, 0.00039332435869341245, 0.0002265436836641277, 0.0001572959253409555, 0.00029170764965243465, 0.0002881357764497837, 0.000395615218067144, 0.009664503720605138, 0.0011267551661857955, 4.660713852835941e-05, 2.6844390930511855e-05, 1.8638848116769783e-05, 3.4566023020533715e-05, 3.4142772373879894e-05, 4.6878594892097416e-05, 0.0011451995122051225, 0.00600583562443274, 0.00024842558643333194, 0.00014308609732176944, 9.934887487316697e-05, 0.00018424397658137906, 0.00018198796401713887, 0.000249872504405171, 0.00610414776332199, 0.0004131560195442098, 1.7089799465403423e-05, 9.843240161465685e-06, 6.834450400508644e-06, 1.2674590639757805e-05, 1.2519394056073208e-05, 1.718933646695239e-05, 0.0004199191503583663, 0.0009325187274889121, 3.857273595601914e-05, 2.2216802746487717e-05, 1.5425777887973954e-05, 2.8607336153225524e-05, 2.8257047850787515e-05, 3.8797397133956e-05, 0.0009477835326528689], [4.009024013575682e-05, 0.0001517414906092989, 8.553302668204585e-06, 5.351280996637886e-06, 0.00011549774598993853, 7.283946758822848e-05, 8.971126566463108e-05, 5.5326872371260664e-05, 0.002438287437512135, 0.009228913796702917, 0.0005202116618533585, 0.0003254647810668011, 0.007024570123666044, 0.004430094660796101, 0.005456237012616096, 0.0033649790423520352, 0.0025355566097528927, 0.009597077447909906, 0.0005409641609065852, 0.00033844835689992295, 0.007304797184169346, 0.004606821831667928, 0.0056738994791496015, 0.003499216179869769, 0.00011414293219628341, 0.00043203080388965127, 2.4352536757204323e-05, 1.5235900356149547e-05, 0.0003288394218820073, 0.0002073848992169324, 0.000255421441211765, 0.00015752391156351986, 1.3525415691459985e-05, 5.1193675347981175e-05, 2.8856642846386618e-06, 1.8053845453717522e-06, 3.896596829180065e-05, 2.4574162552763624e-05, 3.026627319298372e-05, 1.8665863441965792e-05, 7.209323359040837e-05, 0.0002728727663094211, 1.538118118375535e-05, 9.623069095922878e-06, 0.00020769658531907175, 0.00013098531546972494, 0.00016132543006353674, 9.949287208510526e-05, 4.959468638320808e-06, 1.877158034625134e-05, 1.0581088113561017e-06, 6.619942955641442e-07, 1.4287952556386693e-05, 9.010797987553252e-06, 1.1097968160359712e-05, 6.84435631845749e-06, 1.119382791210479e-05, 4.236861957561062e-05, 2.388217127755087e-06, 1.4941621298061176e-06, 3.2248793932622235e-05, 2.0337929197504217e-05, 2.5048801559343366e-05, 1.5448136158368897e-05], [0.003399089481603818, 8.910434817861076e-05, 7.436310911693663e-05, 0.00014883070155294453, 0.00014183451195134479, 2.524941292406616e-05, 3.456166929080024e-05, 0.00010193547598167635, 0.20673254023694726, 0.005419324305763789, 0.00452276250180031, 0.009051879676544916, 0.008626371593822835, 0.001535668684668128, 0.002102039892149334, 0.006199713189077643, 0.21497960034754462, 0.005635514235308647, 0.004703186416562601, 0.009412981009314293, 0.008970498381937888, 0.001596930215813173, 0.002185895338058139, 0.006447034715143082, 0.00967771804094933, 0.00025369345601584275, 0.00021172293538518328, 0.00042374335046527504, 0.0004038241483696135, 7.188886915189936e-05, 9.840226102640954e-05, 0.00029022560313862565, 0.0011467653487601884, 3.006151484628778e-05, 2.5088200008532537e-05, 5.0211650001063096e-05, 4.785131560801694e-05, 8.518502373816475e-06, 1.1660218112086287e-05, 3.439040728342548e-05, 0.006112493992606465, 0.00016023402617217563, 0.00013372524030592545, 0.00026763837024041385, 0.0002550573048867779, 4.5405360950477986e-05, 6.215134878261232e-05, 0.00018330790876310935, 0.0004204933077421197, 1.1022887835877403e-05, 9.199284071749379e-06, 1.8411493527392866e-05, 1.7546011484896114e-05, 3.123545060066382e-06, 4.275542235599117e-06, 1.2610196261022826e-05, 0.0009490794414319947, 2.4879340616421766e-05, 2.07633539645882e-05, 4.155588132123913e-05, 3.9602434742331874e-05, 7.050034676683924e-06, 9.650163657943159e-06, 2.8461994051755898e-05], [5.6694892308672124e-05, 0.003448181981929377, 0.0035857382855700943, 0.00016141886969872567, 1.9127398176231253e-05, 0.00010195294667109347, 7.013590824242814e-06, 1.583010892051392e-05, 1.7511690215065063e-05, 0.0010650605762501817, 0.0011075484138382814, 4.985841097713239e-05, 5.907993786437218e-06, 3.149081594329346e-05, 2.1663297134542104e-06, 4.889540348317674e-06, 6.565184570797923e-05, 0.003992943671506616, 0.00415223183407358, 0.0001869206606852685, 2.2149243833539068e-05, 0.0001180600024404779, 8.121634311344414e-06, 1.833103170444009e-05, 0.003381856265962012, 0.20568441647752195, 0.21388966440104212, 0.00962865248888814, 0.0011409513051309484, 0.006081503950227784, 0.00041836142745845114, 0.0009442676555805422, 5.9612767526683e-05, 0.0036256470822683077, 0.003770282897186499, 0.00016972649848914483, 2.0111814211799146e-05, 0.00010720008559985487, 7.374554255373563e-06, 1.6644825743082345e-05, 0.00012166367271685408, 0.007399581638387536, 0.007694768813542017, 0.00034639474093059165, 4.104619334962549e-05, 0.00021878461059204565, 1.5050724745447427e-05, 3.397041801035332e-05, 0.00014703461448285188, 0.00894264170428895, 0.009299385270629673, 0.00041862962093993473, 4.960569642835321e-05, 0.00026440851369043, 1.8189303850662216e-05, 4.1054385458163926e-05, 0.00015265407361116586, 0.009284417072852035, 0.00965479488373709, 0.00043462906469709096, 5.1501557376410394e-05, 0.0002745138405285189, 1.888447382761483e-05, 4.2623427155805175e-05], [5.9038517680226716e-05, 1.8235579789868138e-05, 6.83657291818715e-05, 0.0035216537649096747, 6.207701057848169e-05, 0.0001266929453473291, 0.00015311265853526205, 0.0001589644120811371, 1.8235579789868138e-05, 5.632532511635551e-06, 2.111653134892439e-05, 0.0010877542449513155, 1.9174097250404476e-05, 3.9132407188949446e-05, 4.72928218943705e-05, 4.910028798412614e-05, 6.83657291818715e-05, 2.111653134892439e-05, 7.91665019756141e-05, 0.0040780229081660855, 7.188425896150234e-05, 0.0001467085545369317, 0.0001773021911633113, 0.00018407843511176564, 0.0035216537649096747, 0.0010877542449513155, 0.0040780229081660855, 0.2100670160297097, 0.0037029001846241513, 0.007557247463198907, 0.009133186122771307, 0.009482243834852997, 6.207701057848169e-05, 1.9174097250404476e-05, 7.188425896150234e-05, 0.0037029001846241513, 6.527188340386748e-05, 0.0001332133599820921, 0.0001609927975338763, 0.0001671457190678737, 0.0001266929453473291, 3.9132407188949446e-05, 0.0001467085545369317, 0.007557247463198907, 0.0001332133599820921, 0.0002718750915752951, 0.00032857013424456504, 0.0003411276292716106, 0.00015311265853526205, 4.72928218943705e-05, 0.0001773021911633113, 0.009133186122771307, 0.0001609927975338763, 0.00032857013424456504, 0.0003970879880608434, 0.00041226414047298564, 0.0001589644120811371, 4.910028798412614e-05, 0.00018407843511176564, 0.009482243834852997, 0.0001671457190678737, 0.0003411276292716106, 0.00041226414047298564, 0.0004280203043912964], [0.00011248827317209088, 0.0001280112397561364, 0.00014531509586839281, 2.8276115378414957e-05, 0.00014987012341214864, 0.00011207862635023246, 9.541572118778872e-05, 0.00010400883842630969, 3.474492520230006e-05, 3.953959666156715e-05, 4.488434211260567e-05, 8.733812744477146e-06, 4.629128069241738e-05, 3.461839514024589e-05, 2.9471624039613783e-05, 3.2125831516425534e-05, 0.0001302597545126918, 0.0001482351199399225, 0.00016827272906791733, 3.2743322871798865e-05, 0.00017354738350892261, 0.00012978538955937306, 0.00011048999213952271, 0.00012044069464765078, 0.006709937279766075, 0.007635883862797918, 0.008668060692765866, 0.0016866732447242058, 0.008939768562967146, 0.006685501803924781, 0.0056915577652636214, 0.006204138108815894, 0.00011827762616739546, 0.0001345995021004348, 0.00015279392332129195, 2.973138185771424e-05, 0.00015758338118929854, 0.0001178468963473874, 0.00010032641343757183, 0.00010936178645637067, 0.00024139275857835882, 0.00027470406845427677, 0.00031183705523762196, 6.067876500009276e-05, 0.00032161185782975945, 0.00024051368226593305, 0.00020475613590429303, 0.00022319642498065228, 0.0002917312160970484, 0.0003319890473473284, 0.00037686550286082074, 7.333231538922839e-05, 0.0003886786784676905, 0.0002906688229947183, 0.00024745463319812743, 0.00026974033882206446, 0.0003028807787430734, 0.0003446772084934495, 0.0003912687799234805, 7.613497482125254e-05, 0.0004035334387251876, 0.0003017777824491905, 0.0002569120062273265, 0.0002800494406250616], [5.5094752582464234e-05, 0.0034571319278570174, 0.0001233452669216553, 0.0034422595862431786, 0.0034754738179411412, 0.0035103453195569874, 0.00016532732227850363, 9.268853503618459e-05, 1.701744549485972e-05, 0.0010678249995367296, 3.809838974676287e-05, 0.0010632312905003633, 0.001073490368744298, 0.0010842613378521698, 5.106563808367148e-05, 2.8629261754388983e-05, 6.379890760124012e-05, 0.004003307576352526, 0.00014283199249522818, 0.003986085625005795, 0.004024547213447867, 0.004064927895912606, 0.00019144659089301118, 0.00010733195096242243, 0.003286407763651987, 0.20621828168976403, 0.0073575580943814785, 0.205331144954369, 0.20731237735490549, 0.20939246607967082, 0.009861792094748467, 0.0055288808256015185, 5.79302745608387e-05, 0.003635057648621552, 0.00012969338900027476, 0.003619419882905793, 0.003654343527561613, 0.00369100973565341, 0.00017383610458485534, 9.74588691591131e-05, 0.00011822987351514337, 0.007418787659385788, 0.0002646911842468363, 0.007386872549770832, 0.007458148201779163, 0.007532980250786982, 0.0003547820343203829, 0.00019890376596627042, 0.00014288475338988558, 0.008965852822531283, 0.0003198881421516685, 0.008927282345957441, 0.00901342135344449, 0.00910385838556034, 0.000428765945305159, 0.0002403818485416029, 0.00014834561058026729, 0.009308515287855522, 0.0003321138234769543, 0.009268470701138103, 0.009357901822074962, 0.009451795232183495, 0.0004451527853273516, 0.00024956890954638177], [5.522345589654339e-05, 4.4305359246068674e-05, 1.353270721413399e-05, 4.844880824898566e-05, 2.8462832382152157e-05, 2.3668119888173043e-05, 6.463166717708498e-05, 4.4606456621979695e-05, 1.7057198856653508e-05, 1.3684861094015102e-05, 4.17992815322522e-06, 1.4964672950186557e-05, 8.791485141304873e-06, 7.310513638480075e-06, 1.9963169301499454e-05, 1.3777862839971613e-05, 6.394794413299728e-05, 5.130494989606971e-05, 1.567067455030132e-05, 5.610300248178345e-05, 3.295953839706472e-05, 2.7407332333156424e-05, 7.48425134711898e-05, 5.165361619847248e-05, 0.0032940849298206598, 0.0026428193207643936, 0.0008072274031032595, 0.002889976487884816, 0.0016978109335588965, 0.001411805830965742, 0.003855285718374363, 0.0026607798107825334, 5.806560175575324e-05, 4.658559128293945e-05, 1.422918531656578e-05, 5.0942288193567055e-05, 2.9927708491098847e-05, 2.488622998004188e-05, 6.795801867499402e-05, 4.690218502079073e-05, 0.00011850606273156253, 9.507651408117815e-05, 2.9040338457818477e-05, 0.00010396809501346538, 6.107944794538657e-05, 5.0790296526544245e-05, 0.00013869549235169326, 9.572265011049272e-05, 0.00014321853728818218, 0.00011490314472779253, 3.5096219555480856e-05, 0.00012564891744143197, 7.381655411945511e-05, 6.138177076595544e-05, 0.00016761813771561001, 0.00011568402171310966, 0.00014869215123642504, 0.00011929458362660966, 3.643754841225397e-05, 0.0001304510448762706, 7.663772048443805e-05, 6.372769694977287e-05, 0.00017402427056650293, 0.00012010530464775921], [0.00015851071986694722, 0.00011598649073968933, 0.003492603100755854, 0.00013352879214511518, 6.310103526727162e-05, 6.35556730231144e-05, 0.0035007413400435284, 0.003546378416555378, 4.896015335851252e-05, 3.582544056892528e-05, 0.0010787811926976157, 4.124383604269407e-05, 1.949039387594591e-05, 1.963082055666073e-05, 0.0010812948993032462, 0.001095391095867932, 0.00018355306624638816, 0.00013431063865143432, 0.004044382669282534, 0.00015462436389782167, 7.307006438650558e-05, 7.359652817511475e-05, 0.0040538066298597955, 0.004106653688628455, 0.00945518104674463, 0.0069186063241708316, 0.20833414086938545, 0.007965006440857517, 0.0037639833645943923, 0.003791102554361415, 0.2088195876955136, 0.21154184409070173, 0.00016666867700302742, 0.00012195588398080886, 0.003672354390846666, 0.00014040102238712518, 6.634861083430447e-05, 6.682664710431539e-05, 0.0036809114750385066, 0.0037288973221212816, 0.00034015403431775015, 0.0002488997134362931, 0.007494906565246852, 0.00028654438882028143, 0.00013541085255183916, 0.00013638647657861097, 0.00751237071485307, 0.007610305010419981, 0.0004110875184336652, 0.0003008036219255766, 0.009057845064161086, 0.00034629847021359856, 0.00016364854074470025, 0.0001648276149864458, 0.009078951072612739, 0.009197307941773205, 0.0004267987134888093, 0.0003122999193450984, 0.00940402334542961, 0.0003595335176642105, 0.00016990296110250193, 0.0001711270979271912, 0.009425935996264576, 0.009548816300883705], [0.0001274191416626746, 7.714091524096263e-05, 8.55507280316878e-05, 0.00012998064675685746, 0.0035108793883953356, 0.0035378304796139385, 0.0034233050556356373, 2.2646420626818915e-05, 3.9356711784862876e-05, 2.3826975510449964e-05, 2.6424564646982186e-05, 4.014789917171642e-05, 0.001084426298886045, 0.0010927508434994922, 0.0010573766913529819, 6.9949352816082765e-06, 0.00014754947911597836, 8.932803748173481e-05, 9.906647615384119e-05, 0.00015051566408212872, 0.0040655463397184744, 0.004096755304235278, 0.003964136559256831, 2.6224219718686965e-05, 0.007600565149490623, 0.00460146367594016, 0.005103109889977171, 0.007753359196719652, 0.20942432334183103, 0.21103195875660374, 0.2042005052178212, 0.001350861362985675, 0.0001339769309205416, 8.111107120582108e-05, 8.995370577873729e-05, 0.0001366702671538407, 0.003691571291028281, 0.0037199094546613966, 0.003599489833113426, 2.381194765814088e-05, 0.0002734334631893967, 0.0001655395518498847, 0.0001835864811113465, 0.0002789302919997329, 0.007534126328920498, 0.0075919616754192626, 0.0073461973193500365, 4.859779417780221e-05, 0.00033045347842104494, 0.00020006008074865587, 0.00022187039789018945, 0.00033709657974256255, 0.009105243459286668, 0.009175139408389888, 0.008878124970626174, 5.8732058403989455e-05, 0.00034308295225159537, 0.00020770609968731458, 0.00023034997691388995, 0.0003499799436961484, 0.009453233241507488, 0.009525800516887188, 0.00921743459906959, 6.097671625468529e-05], [0.003477836043733888, 0.00014385732689198841, 8.28577433252457e-05, 5.7530561864310564e-05, 0.00010669128871739712, 0.00010538488569512456, 0.00014469520254984302, 0.0035347662565380217, 0.001074220003542357, 4.443407229674748e-05, 2.5592766366523886e-05, 1.7769808464956564e-05, 3.2954375969056035e-05, 3.255085946006423e-05, 4.469287195861489e-05, 0.0010918043786052095, 0.0040272826359340486, 0.00016658465418110534, 9.594803974375489e-05, 6.661953867811365e-05, 0.00012354693236075882, 0.00012203413700727762, 0.00016755490178493626, 0.00409320697929095, 0.20745328437092597, 0.008581104620597368, 0.004942473070102163, 0.003431704042506377, 0.006364146549711337, 0.006286219472564947, 0.008631083991370053, 0.2108491775290961, 0.003656827328329094, 0.00015126112839816425, 8.712212316660328e-05, 6.0491445885893516e-05, 0.00011218229248597677, 0.0001108086537596011, 0.00015214212639946592, 0.003716687527421814, 0.007463217389743528, 0.00030870877470969655, 0.00017780750532332917, 0.00012345696701862458, 0.000228952794575946, 0.0002261493358644852, 0.0003105068031680564, 0.007585386045441698, 0.009019547636511875, 0.00037308487129556964, 0.0002148863125167816, 0.00014920187057850478, 0.000276697103856066, 0.0002733090303115697, 0.0003752578487776765, 0.009167192539804199, 0.009364262243188188, 0.0003873436578609756, 0.0002230989694796969, 0.00015490415923028128, 0.00028727208357435104, 0.0002837545225559427, 0.00038959968353000356, 0.009517549930001068], [4.174747062174725e-05, 0.00015801410517523343, 8.906874856588893e-06, 5.572489599447423e-06, 0.00012027213459598204, 7.585046941465207e-05, 9.341970552163286e-05, 5.7613947212360866e-05, 1.2894790747820898e-05, 4.880676101074697e-05, 2.751119667425115e-06, 1.7212081656475558e-06, 3.714917299926301e-05, 2.342838779594049e-05, 2.8855102751949365e-05, 1.7795564195747655e-05, 4.83429527484632e-05, 0.00018297799378767, 1.031402918346507e-05, 6.452860434065613e-06, 0.00013927335077161665, 8.783372032487008e-05, 0.00010817863555678643, 6.671609767631581e-05, 0.002490240996341486, 0.009425557928355107, 0.0005312960183414473, 0.0003323995884196573, 0.007174245429192435, 0.004524488447204689, 0.005572495221660994, 0.0034366779872536043, 4.38960576457533e-05, 0.00016614650340039864, 9.365278574378293e-06, 5.859284911030789e-06, 0.00012646209398499043, 7.975421093292728e-05, 9.822767026969803e-05, 6.057912276763783e-05, 8.958744598768424e-05, 0.0003390883304269994, 1.911359318899795e-05, 1.1958212164053117e-05, 0.0002580964355796957, 0.00016277033627723136, 0.0002004728118365312, 0.0001236359067305009, 0.00010826942249194229, 0.00040979957966582865, 2.3099416145909738e-05, 1.4451899044160012e-05, 0.0003119181679906798, 0.00019671339118181537, 0.00024227809291338528, 0.00014941812520047923, 0.00011240732972337578, 0.000425461551486763, 2.398224380779336e-05, 1.5004230590652071e-05, 0.00032383924795247764, 0.00020423150428481652, 0.00025153762574924964, 0.0001551286788041092], [0.003539599358682331, 9.278769958124292e-05, 7.743709448206056e-05, 0.00015498299136287503, 0.00014769759674144306, 2.6293160646939043e-05, 3.599036245406089e-05, 0.00010614923418887923, 0.0010932972077487611, 2.8659891300061715e-05, 2.3918458162714328e-05, 4.787052277257139e-05, 4.5620239395888747e-05, 8.121325665763847e-06, 1.1116558341658918e-05, 3.278694834733311e-05, 0.0040988036400014345, 0.00010744678203708831, 8.967100865685586e-05, 0.00017946800888023168, 0.00017103162979684056, 3.04470906580047e-05, 4.167630674636332e-05, 0.0001229192412439327, 0.2111374725783534, 0.005534796001103412, 0.004619130798701441, 0.009244751671887444, 0.008810177119450611, 0.0015683897872435914, 0.0021468288909844563, 0.006331812940295858, 0.0037217693713557046, 9.756313733444125e-05, 8.142249369075452e-05, 0.00016295938943501235, 0.0001552990426520423, 2.7646371822245345e-05, 3.784265253550567e-05, 0.00011161234042716706, 0.007595757578635393, 0.00019911656684239528, 0.000166175133871247, 0.0003325837508464169, 0.0003169497522489904, 5.642346887660545e-05, 7.723305398892243e-05, 0.00022778957965363452, 0.00917972688428581, 0.00024063902551221315, 0.00020082820286264737, 0.00040193857785939967, 0.0003830443680655866, 6.818964781183694e-05, 9.333872687719181e-05, 0.000275291319747766, 0.009530563319752137, 0.00024983591546427883, 0.00020850357836363877, 0.0004173001130891667, 0.00039768379279047993, 7.079576161844289e-05, 9.690600362097117e-05, 0.00028581257234630027], [0.00010802287699740387, 0.006569948771939831, 0.006832039889204831, 0.00030755734769881963, 3.644413978638685e-05, 0.0001942547232970016, 1.336325422037029e-05, 3.0161692511313137e-05, 0.00012292963538792375, 0.007476577457489037, 0.007774836181745885, 0.0003499991267072199, 4.14732965876731e-05, 0.0002210611582568415, 1.5207333988574785e-05, 3.432389477265546e-05, 0.00013954658813939344, 0.008487220122797092, 0.008825795822802301, 0.00039731008580342546, 4.70794289712135e-05, 0.0002509429911472363, 1.7262977849931187e-05, 3.896361029677442e-05, 2.7153651197169886e-05, 0.00165148441048109, 0.0017173661105237708, 7.73105213883644e-05, 9.160943380208557e-06, 4.882970298908351e-05, 3.359113865924567e-06, 7.58172806291922e-06, 0.00014392079681202691, 0.008753259388698774, 0.009102448037275869, 0.00040976411457057873, 4.8555174449869025e-05, 0.0002588090165574481, 1.7804100842857533e-05, 4.018495840961408e-05, 0.00010762949174041542, 0.006546023090103819, 0.0068071597541605215, 0.00030643732081538365, 3.6311421720602184e-05, 0.00019354730884582705, 1.331458946210979e-05, 3.00518531375659e-05, 9.162804639838974e-05, 0.00557281557058339, 0.005795128637230747, 0.0002608788037166461, 3.0912945702943187e-05, 0.00016477232688212696, 1.1335088564313964e-05, 2.5583996998589327e-05, 9.988004654298194e-05, 0.0060747020202223286, 0.006317036548968118, 0.00028437348695621627, 3.369695826718946e-05, 0.0001796116835933271, 1.235592395422279e-05, 2.788808570537764e-05], [0.00011248827317209088, 3.474492520230006e-05, 0.0001302597545126918, 0.006709937279766075, 0.00011827762616739546, 0.00024139275857835882, 0.0002917312160970484, 0.0003028807787430734, 0.0001280112397561364, 3.953959666156715e-05, 0.0001482351199399225, 0.007635883862797918, 0.0001345995021004348, 0.00027470406845427677, 0.0003319890473473284, 0.0003446772084934495, 0.00014531509586839281, 4.488434211260567e-05, 0.00016827272906791733, 0.008668060692765866, 0.00015279392332129195, 0.00031183705523762196, 0.00037686550286082074, 0.0003912687799234805, 2.8276115378414957e-05, 8.733812744477146e-06, 3.2743322871798865e-05, 0.0016866732447242058, 2.973138185771424e-05, 6.067876500009276e-05, 7.333231538922839e-05, 7.613497482125254e-05, 0.00014987012341214864, 4.629128069241738e-05, 0.00017354738350892261, 0.008939768562967146, 0.00015758338118929854, 0.00032161185782975945, 0.0003886786784676905, 0.0004035334387251876, 0.00011207862635023246, 3.461839514024589e-05, 0.00012978538955937306, 0.006685501803924781, 0.0001178468963473874, 0.00024051368226593305, 0.0002906688229947183, 0.0003017777824491905, 9.541572118778872e-05, 2.9471624039613783e-05, 0.00011048999213952271, 0.0056915577652636214, 0.00010032641343757183, 0.00020475613590429303, 0.00024745463319812743, 0.0002569120062273265, 0.00010400883842630969, 3.2125831516425534e-05, 0.00012044069464765078, 0.006204138108815894, 0.00010936178645637067, 0.00022319642498065228, 0.00026974033882206446, 0.0002800494406250616], [0.0002143280708668082, 0.00024390455371492304, 0.0002768742313045413, 5.3875529330879484e-05, 0.00028555309389766527, 0.00021354755561317536, 0.00018179910559439405, 0.00019817188996140895, 0.00024390455371492304, 0.0002775624820504488, 0.00031508185347995244, 6.13101535625234e-05, 0.0003249583670834575, 0.000243016330236612, 0.00020688671127604401, 0.00022551887946547865, 0.0002768742313045413, 0.00031508185347995244, 0.00035767288741249273, 6.959772329067607e-05, 0.0003688844538645708, 0.00027586594265622253, 0.0002348525202962398, 0.000256003282618686, 5.3875529330879484e-05, 6.13101535625234e-05, 6.959772329067607e-05, 1.354266218579566e-05, 7.177932420885488e-05, 5.367933164072052e-05, 4.569874121558782e-05, 4.9814359019759825e-05, 0.00028555309389766527, 0.0003249583670834575, 0.0003688844538645708, 7.177932420885488e-05, 0.00038044745657791747, 0.000284513199568342, 0.00024221417596096643, 0.00026402792724801016, 0.00021354755561317536, 0.000243016330236612, 0.00027586594265622253, 5.367933164072052e-05, 0.000284513199568342, 0.0002127698827499895, 0.00018113705057547208, 0.00019745021042437693, 0.00018179910559439405, 0.00020688671127604401, 0.0002348525202962398, 4.569874121558782e-05, 0.00024221417596096643, 0.00018113705057547208, 0.00015420712117294595, 0.00016809497796172346, 0.00019817188996140895, 0.00022551887946547865, 0.000256003282618686, 4.9814359019759825e-05, 0.00026402792724801016, 0.00019745021042437693, 0.00016809497796172346, 0.00018323357184174904], [0.00010497407154449404, 0.006587001435216996, 0.000235014302952505, 0.006558664612208879, 0.006621948917358242, 0.00668839088022951, 0.0003150042670787328, 0.00017660289686716283, 0.00011946010603347113, 0.007495983325369276, 0.0002674454094903695, 0.007463736125356971, 0.0075357534310798715, 0.007611364139637645, 0.00035847369348031174, 0.00020097344491994213, 0.00013560806686797267, 0.008509249169283936, 0.0003035972106331516, 0.00847264296993611, 0.008554395179392429, 0.008640226528137125, 0.00040693019795467827, 0.0002281399310808768, 2.63872746467811e-05, 0.001655770929073092, 5.907541611645561e-05, 0.0016486479174538326, 0.0016645556584439412, 0.0016812571381194462, 7.918244941839147e-05, 4.439257308482865e-05, 0.00013985881918002793, 0.008775978954728068, 0.0003131137281592722, 0.008738225302355454, 0.008822540105626345, 0.008911061912339731, 0.0004196857774696125, 0.00023529117482258072, 0.00010459178907563657, 0.006563013652958257, 0.00023415845496425753, 0.006534780023724563, 0.006597833867388947, 0.006664033869581464, 0.00031385712086302696, 0.00017595976480199238, 8.904196375308491e-05, 0.005587280119810436, 0.00019934575021303015, 0.005563244028516246, 0.005616923558350052, 0.005673281502389211, 0.00026719549045406887, 0.00014979955059541076, 9.706106190749173e-05, 0.006090469243324949, 0.0002172987812361894, 0.006064268467344885, 0.00612278236291453, 0.00618421589003813, 0.0002912590530042807, 0.0001632904626224831], [0.00010521929473303523, 8.441664102838052e-05, 2.5784367996950423e-05, 9.23113077921915e-05, 5.42312881498259e-05, 4.5095744948594755e-05, 0.00012314510795074685, 8.49903330044618e-05, 0.00011973916911708771, 9.606582596889603e-05, 2.934251562888241e-05, 0.00010504992761254849, 6.171500578563324e-05, 5.131879133538341e-05, 0.00014013867840749733, 9.671868532059006e-05, 0.00013592485216609436, 0.00010905147654956043, 3.3308875687429355e-05, 0.0001192499996958544, 7.005730121309767e-05, 5.825578360898428e-05, 0.00015908185504999106, 0.00010979258584168763, 2.644891626485488e-05, 2.1219764640932817e-05, 6.481402406505877e-06, 2.320424268466762e-05, 1.3632089084509163e-05, 1.1335692612964815e-05, 3.09549180773326e-05, 2.1363973277530234e-05, 0.00014018553438770084, 0.00011246978953626049, 3.43529712461261e-05, 0.00012298799422396208, 7.225330799931533e-05, 6.0081861604090364e-05, 0.00016406841358428644, 0.0001132341295410566, 0.00010483611923864718, 8.410922223943408e-05, 2.5690469458856412e-05, 9.19751391161837e-05, 5.403379489822377e-05, 4.4931520464774395e-05, 0.00012269665229686495, 8.468082501023112e-05, 8.924996896755584e-05, 7.160457225306595e-05, 2.1871027071742486e-05, 7.830105093092679e-05, 4.600050586466156e-05, 3.825148084714589e-05, 0.00010445514856373364, 7.209119394343274e-05, 9.728780002228477e-05, 7.805326306130026e-05, 2.3840726586819897e-05, 8.535282502195537e-05, 5.0143300521616866e-05, 4.169640014739041e-05, 0.00011386235448956551, 7.85837097857817e-05], [0.0003020163421729978, 0.00022099335429229665, 0.006654585973981849, 0.00025441735052554896, 0.00012022873831339278, 0.00012109497645898085, 0.006670092062550845, 0.006757046073782057, 0.0003436934828667201, 0.0002514896216563384, 0.007572894281077521, 0.0002895260060257326, 0.00013681986052242132, 0.00013780563633543558, 0.007590540152647163, 0.0076894934965432635, 0.00039015207967099723, 0.0002854846070588486, 0.008596556525445507, 0.00032866254090008846, 0.00015531441759638703, 0.0001564334451680737, 0.008616587668989689, 0.008728916982276185, 7.591768187592138e-05, 5.555097796080572e-05, 0.0016727596174227512, 6.395274951661297e-05, 3.0221831845083546e-05, 3.043957765146072e-05, 0.001676657374380706, 0.0016985149563744151, 0.0004023817345360673, 0.0002944333693378143, 0.008866023035589242, 0.00033896475291360514, 0.0001601828825405568, 0.0001613369870007167, 0.008886682072677668, 0.009002532445582462, 0.00030091649388453486, 0.00022018856617807983, 0.006630352070143225, 0.00025349084275607693, 0.00011979090315816035, 0.0001206539867375585, 0.006645801690426926, 0.006732439042566979, 0.00025617876678441426, 0.00018745278670292213, 0.00564460722889964, 0.00021580396159112333, 0.00010198140170682706, 0.00010271616929682475, 0.005657759929904739, 0.0057315167710210065, 0.00027925016581168403, 0.00020433474025075972, 0.006152959218273328, 0.0002352392152307209, 0.00011116582257695532, 0.00011196676316198272, 0.006167296448414014, 0.00624769581316229], [0.00024277640729968348, 0.00014697944134320262, 0.00016300296896042926, 0.0002476569377751742, 0.006689408461356905, 0.006740759373107515, 0.006522549843400177, 4.314906352557151e-05, 0.00027627865559308717, 0.0001672620618526468, 0.000185496